Rxx (ohm),Rxy (ohm),EM Current (percentage),Vxx (mV),Vxy (mV),Magnetic Field (T),Time stamp,T sample (K),T valve (k),DC current (mA),angle (°)
155.538535,-0.0714345,56.11157261457938,0.155538535,-7.14345e-05,0.60975,58.339658975601196,150.11,150.0,0.001,15.0
155.53898999999998,-0.071488,51.314666699090424,0.15553899,-7.1488e-05,0.55945,65.0851993560791,150.1,150.01,0.001,15.0
155.53975,-0.071628,46.599157851336464,0.15553975,-7.1628e-05,0.5084,71.79974579811096,150.11,150.0,0.001,15.0
155.5398,-0.0717405,41.92868749539299,0.1555398,-7.17405e-05,0.45894999999999997,78.467294216156,150.11,150.01,0.001,15.0
155.539905,-0.071472,37.27513539594998,0.155539905,-7.1472e-05,0.4092,85.14382886886597,150.11,149.99,0.001,15.0
155.5397,-0.071692,32.618619658311886,0.1555397,-7.1692e-05,0.35855,91.82281804084778,150.12,150.0,0.001,15.0
155.54041,-0.0716065,27.947496728397667,0.15554041000000002,-7.16065e-05,0.30745,98.50117444992065,150.09,150.02,0.001,15.0
155.54102,-0.07180500000000001,23.258361392740753,0.15554102,-7.180500000000001e-05,0.2567,105.18672299385071,150.11,149.98,0.001,15.0
155.54131999999998,-0.07201500000000001,18.556046778489065,0.15554131999999998,-7.201500000000001e-05,0.20529999999999998,111.90325355529785,150.1,150.01,0.001,15.0
155.54102,-0.07181599999999999,17.615007636575633,0.15554102,-7.181599999999999e-05,0.19515,116.33549332618713,150.1,150.01,0.001,15.0
155.540865,-0.07178899999999999,16.674081935315986,0.155540865,-7.1789e-05,0.185,120.78518509864807,150.12,149.98,0.001,15.0
155.541115,-0.0718915,15.733426971832158,0.155541115,-7.18915e-05,0.1749,125.22989344596863,150.1,150.01,0.001,15.0
155.54168,-0.07190150000000001,14.793213224591168,0.15554168000000002,-7.190150000000001e-05,0.1648,129.66759872436523,150.11,150.01,0.001,15.0
155.54218,-0.071778,13.853624353405008,0.15554218,-7.177799999999999e-05,0.1548,134.09983563423157,150.11,150.0,0.001,15.0
155.54198499999998,-0.07198750000000001,12.914857199430665,0.155541985,-7.198750000000001e-05,0.14405,138.54903316497803,150.11,150.01,0.001,15.0
155.54198000000002,-0.071929,11.977121785170102,0.15554198000000002,-7.192900000000001e-05,0.13385000000000002,142.99223160743713,150.11,150.0,0.001,15.0
155.541675,-0.072106,11.040641314470264,0.155541675,-7.2106e-05,0.1242,147.42843794822693,150.11,150.01,0.001,15.0
155.541625,-0.07204100000000001,10.105652172523085,0.15554162500000002,-7.204100000000001e-05,0.11424999999999999,151.85215759277344,150.1,150.0,0.001,15.0
155.541475,-0.07204150000000001,9.17240392586548,0.15554147499999998,-7.20415e-05,0.1031,156.29569840431213,150.11,150.0,0.001,15.0
155.542335,-0.07195,8.241159322379342,0.155542335,-7.195e-05,0.09335,160.729909658432,150.12,150.01,0.001,15.0
155.54192999999998,-0.07217049999999998,7.312194291291557,0.15554193,-7.217049999999999e-05,0.08345,165.16560173034668,150.1,149.99,0.001,15.0
155.54243499999998,-0.07204150000000001,6.385797943173984,0.15554243499999998,-7.20415e-05,0.07285,169.5928201675415,150.13,149.98,0.001,15.0
155.54254,-0.0721435,5.462272569943473,0.15554254,-7.21435e-05,0.06395,174.03100895881653,150.1,150.0,0.001,15.0
155.54299500000002,-0.0721165,4.541933644861854,0.15554299500000002,-7.21165e-05,0.0529,178.45771837234497,150.12,149.99,0.001,15.0
155.54370499999996,-0.0722775,3.625109822535939,0.15554370499999998,-7.22775e-05,0.04395,182.896413564682,150.11,149.98,0.001,15.0
155.543855,-0.0722995,2.7121429389175247,0.155543855,-7.22995e-05,0.0332,187.31362080574036,150.1,149.98,0.001,15.0
155.54522500000002,-0.072439,1.803388011303391,0.155545225,-7.2439e-05,0.0234,191.7288327217102,150.11,150.0,0.001,15.0
155.546085,-0.072853,0.8992132383353009,0.155546085,-7.2853e-05,0.0131,196.15554356575012,150.1,150.0,0.001,15.0
155.54765999999998,-0.072933,0.44896207619309175,0.15554765999999998,-7.2933e-05,0.009149999999999998,200.31524276733398,150.1,150.0,0.001,15.0
155.54751,-0.073057,0.39501759062550346,0.15554751,-7.3057e-05,0.008,204.24297046661377,150.11,149.96,0.001,15.0
155.547305,-0.0728095,0.34109175223188015,0.155547305,-7.28095e-05,0.00715,208.14621424674988,150.09,149.99,0.001,15.0
155.54751,-0.0729495,0.28718464649371495,0.15554751,-7.29495e-05,0.006500000000000001,212.04997420310974,150.11,150.0,0.001,15.0
155.54756,-0.0728635,0.23329635906333102,0.15554756,-7.28635e-05,0.00615,215.97101140022278,150.11,150.03,0.001,15.0
155.54832000000002,-0.072836,0.17942697576388178,0.15554832000000002,-7.2836e-05,0.00505,219.86804127693176,150.12,150.01,0.001,15.0
155.547965,-0.0726055,0.12557658258935098,0.155547965,-7.260550000000001e-05,0.0045,223.77577328681946,150.12,149.97,0.001,15.0
155.54856999999998,-0.07231549999999999,0.07174526570455253,0.15554857,-7.23155e-05,0.00425,227.68548798561096,150.11,150.03,0.001,15.0
155.547505,-0.072036,0.01793311144513059,0.155547505,-7.2036e-05,0.00345,231.59122276306152,150.11,150.0,0.001,15.0
155.546595,-0.0717945,-0.035868361681283045,0.155546595,-7.17945e-05,0.00365,238.52242159843445,150.12,149.99,0.001,15.0
155.545275,-0.072595,-0.08968691308589159,0.155545275,-7.2595e-05,0.0027,242.4621353149414,150.12,150.0,0.001,15.0
155.54198000000002,-0.073223,-0.14352459831834743,0.15554198000000002,-7.3223e-05,0.0024000000000000002,246.38886523246765,150.11,150.0,0.001,15.0
155.54071,-0.0742815,-0.19738133109994987,0.15554071,-7.42815e-05,0.00135,250.29809856414795,150.1,150.0,0.001,15.0
155.53447500000001,-0.076489,-0.25125702532282834,0.155534475,-7.6489e-05,0.00105,254.20334911346436,150.1,150.0,0.001,15.0
155.51364,-0.0798355,-0.3051515950499426,0.15551364,-7.98355e-05,0.0009500000000000001,258.1060972213745,150.1,149.98,0.001,15.0
155.53397,-0.078584,-0.3590649545150826,0.15553397000000002,-7.8584e-05,-0.00015,262.014328956604,150.11,150.02,0.001,15.0
155.53807999999998,-0.0762365,-0.41299701812286843,0.15553808,-7.62365e-05,-0.00025,265.9330632686615,150.11,149.99,0.001,15.0
155.542485,-0.075017,-0.46694770044875067,0.155542485,-7.5017e-05,-0.00125,269.8327805995941,150.1,150.01,0.001,15.0
155.54324499999998,-0.07457699999999999,-0.5209169162390097,0.155543245,-7.457699999999999e-05,-0.0021000000000000003,273.7387652397156,150.11,149.99,0.001,15.0
155.54421000000002,-0.07448,-0.5749045804107568,0.15554421000000002,-7.448e-05,-0.0023,277.6351146697998,150.09,150.0,0.001,15.0
155.54609,-0.074195,-0.6289106080519327,0.15554609,-7.4195e-05,-0.00285,281.5312626361847,150.1,150.0,0.001,15.0
155.54704999999998,-0.0740985,-0.6829349144213088,0.15554705,-7.40985e-05,-0.00375,285.4300072193146,150.1,150.01,0.001,15.0
155.546495,-0.0741095,-0.7369774149484867,0.155546495,-7.41095e-05,-0.0033499999999999997,289.3482460975647,150.12,150.01,0.001,15.0
155.546595,-0.07387849999999999,-0.7910380252338984,0.155546595,-7.38785e-05,-0.00485,293.2475173473358,150.11,150.01,0.001,15.0
155.54634000000001,-0.07373349999999998,-0.8451166610488057,0.15554634,-7.373349999999999e-05,-0.00515,297.16930198669434,150.11,149.99,0.001,15.0
155.54705,-0.0737655,-0.8992132383353009,0.15554705000000002,-7.37655e-05,-0.005849999999999999,301.0850465297699,150.11,150.02,0.001,15.0
155.546695,-0.0736095,-0.9533276732063064,0.155546695,-7.36095e-05,-0.00625,304.98992466926575,150.09,150.05,0.001,15.0
155.546295,-0.07373899999999999,-1.0074598819455751,0.155546295,-7.373899999999999e-05,-0.007300000000000001,308.89518308639526,150.12,149.99,0.001,15.0
155.54639,-0.07357749999999999,-1.06160978100769,0.15554639,-7.35775e-05,-0.00805,312.82490062713623,150.09,150.02,0.001,15.0
155.54629,-0.073449,-1.1157772870180638,0.15554629,-7.344900000000001e-05,-0.00845,316.7546124458313,150.12,150.0,0.001,15.0
155.546135,-0.073395,-1.1699623167729405,0.155546135,-7.3395e-05,-0.009049999999999999,320.6628427505493,150.11,150.02,0.001,15.0
155.545885,-0.0733895,-1.2241647872393935,0.155545885,-7.338949999999999e-05,-0.009600000000000001,324.57958030700684,150.12,149.98,0.001,15.0
155.54563,-0.0734165,-1.2783846155553267,0.15554563,-7.34165e-05,-0.0102,328.48682022094727,150.1,150.0,0.001,15.0
155.54542999999998,-0.073368,-1.3326217190294742,0.15554542999999998,-7.3368e-05,-0.01055,332.38709688186646,150.12,149.99,0.001,15.0
155.545835,-0.073266,-1.3868760151414004,0.15554583500000002,-7.3266e-05,-0.01155,336.29599928855896,150.1,149.98,0.001,15.0
155.54527499999998,-0.0731535,-1.4411474215414997,0.15554527499999998,-7.31535e-05,-0.0113,340.2110185623169,150.11,150.01,0.001,15.0
155.54532500000002,-0.0732015,-1.4954358560509973,0.155545325,-7.32015e-05,-0.012400000000000001,344.12975120544434,150.11,150.01,0.001,15.0
155.545125,-0.07312099999999999,-1.5497412366619472,0.155545125,-7.3121e-05,-0.0135,348.0265066623688,150.11,150.01,0.001,15.0
155.54472,-0.0732285,-1.6040634815372359,0.15554472000000003,-7.32285e-05,-0.01335,351.94424510002136,150.1,149.98,0.001,15.0
155.544465,-0.073094,-1.658402509010578,0.155544465,-7.3094e-05,-0.01435,355.8480155467987,150.09,149.99,0.001,15.0
155.54471999999998,-0.0730785,-1.7127582375865202,0.15554472,-7.30785e-05,-0.01455,359.7642502784729,150.11,150.03,0.001,15.0
155.54431499999998,-0.073207,-1.7671305859404376,0.155544315,-7.320699999999999e-05,-0.015300000000000001,363.6550176143646,150.11,150.0,0.001,15.0
155.54452,-0.0730355,-1.8215194729185362,0.15554452000000002,-7.30355e-05,-0.015550000000000001,367.57425355911255,150.1,149.98,0.001,15.0
155.54471999999998,-0.07315349999999998,-1.8759248175378536,0.15554472,-7.315349999999999e-05,-0.01615,371.48998498916626,150.12,149.99,0.001,15.0
155.54467,-0.0730405,-1.930346538986255,0.15554467,-7.30405e-05,-0.0168,375.4062261581421,150.11,149.99,0.001,15.0
155.54425999999998,-0.07312099999999999,-1.9847845566224387,0.15554426,-7.3121e-05,-0.017599999999999998,379.31594467163086,150.1,149.99,0.001,15.0
155.54425999999998,-0.07311000000000001,-2.0392387899759306,0.15554426,-7.311000000000001e-05,-0.0187,383.2246894836426,150.11,150.0,0.001,15.0
155.54457,-0.0730675,-2.0937091587470884,0.15554457,-7.306749999999999e-05,-0.0191,387.15092730522156,150.1,150.0,0.001,15.0
155.54446500000003,-0.07292749999999999,-2.1481955828071,0.15554446500000002,-7.29275e-05,-0.0189,391.0666754245758,150.1,150.0,0.001,15.0
155.544115,-0.07303499999999999,-2.202697982197983,0.155544115,-7.3035e-05,-0.0204,394.9714150428772,150.1,150.0,0.001,15.0
155.54401000000001,-0.072949,-2.257216277132586,0.15554401,-7.2949e-05,-0.0207,398.8862655162811,150.12,149.98,0.001,15.0
155.54294000000002,-0.072826,-3.1681223837450183,0.15554294000000002,-7.2826e-05,-0.031,403.29741048812866,150.1,150.02,0.001,15.0
155.54253500000002,-0.072697,-4.083061290045219,0.155542535,-7.2697e-05,-0.04085,407.72460889816284,150.12,150.01,0.001,15.0
155.54192999999998,-0.0726645,-5.0016845694089,0.15554193,-7.26645e-05,-0.051,412.15084171295166,150.12,150.0,0.001,15.0
155.54122,-0.072643,-5.923656976556756,0.15554122,-7.2643e-05,-0.060450000000000004,416.58653688430786,150.11,149.99,0.001,15.0
155.540865,-0.0726645,-6.848656447554464,0.155540865,-7.26645e-05,-0.0712,420.99887347221375,150.1,149.99,0.001,15.0
155.54061,-0.072627,-7.776374099812687,0.15554061,-7.2627e-05,-0.081,425.4235782623291,150.1,150.0,0.001,15.0
155.540355,-0.07264849999999999,-8.70651423208707,0.15554035500000002,-7.26485e-05,-0.09090000000000001,429.88227677345276,150.11,150.01,0.001,15.0
155.54000499999998,-0.07257849999999999,-9.63879432447824,0.15554000499999998,-7.257849999999999e-05,-0.10164999999999999,434.33097529411316,150.1,150.0,0.001,15.0
155.54010499999998,-0.07255750000000001,-10.572945038431808,0.15554010499999998,-7.255750000000001e-05,-0.11085,438.7681710720062,150.1,150.0,0.001,15.0
155.54041,-0.0726485,-11.508710216738368,0.15554041000000002,-7.264850000000001e-05,-0.12179999999999999,443.2178485393524,150.11,149.97,0.001,15.0
155.540355,-0.07256249999999999,-12.4458468835335,0.15554035500000002,-7.25625e-05,-0.1312,447.65357208251953,150.11,150.0,0.001,15.0
155.540255,-0.07243899999999999,-13.38412524429776,0.15554025500000002,-7.243899999999999e-05,-0.14125,452.09928727149963,150.1,149.98,0.001,15.0
155.540615,-0.072557,-14.323328685856696,0.155540615,-7.2557e-05,-0.152,456.54848408699036,150.11,150.01,0.001,15.0
155.540715,-0.072643,-15.263253776380832,0.155540715,-7.2643e-05,-0.16225,460.9890139102936,150.09,149.98,0.001,15.0
155.540205,-0.072509,-16.203710265385677,0.155540205,-7.2509e-05,-0.1733,465.4467303752899,150.12,150.03,0.001,15.0
155.53984999999997,-0.07267,-17.14452108373173,0.15553984999999998,-7.267e-05,-0.18245,469.88046002388,150.11,150.02,0.001,15.0
155.540305,-0.0726,-18.08552234362446,0.155540305,-7.26e-05,-0.19355,474.34013843536377,150.12,150.0,0.001,15.0
155.540155,-0.072541,-18.556046778489065,0.155540155,-7.2541e-05,-0.19790000000000002,478.5078480243683,150.12,150.01,0.001,15.0
155.5395,-0.07267,-23.258361392740753,0.1555395,-7.267e-05,-0.2491,485.2273609638214,150.09,150.01,0.001,15.0
155.539395,-0.0727505,-27.947496728397667,0.15553939500000002,-7.27505e-05,-0.30105,491.9158980846405,150.11,150.0,0.001,15.0
155.538585,-0.0727935,-32.618619658311886,0.155538585,-7.27935e-05,-0.35095,498.5924332141876,150.11,149.99,0.001,15.0
155.53828,-0.072643,-37.27513539594998,0.15553828,-7.2643e-05,-0.4012,505.269469499588,150.1,149.99,0.001,15.0
155.537975,-0.072804,-41.92868749539299,0.155537975,-7.280399999999999e-05,-0.4517,511.9370198249817,150.11,150.01,0.001,15.0
155.538385,-0.07276099999999999,-46.599157851336464,0.155538385,-7.276099999999999e-05,-0.5025,518.6359717845917,150.12,150.0,0.001,15.0
155.53853,-0.0728795,-51.314666699090424,0.15553853,-7.28795e-05,-0.55235,525.3464987277985,150.11,150.02,0.001,15.0
155.538125,-0.07267499999999999,-56.11157261457938,0.155538125,-7.267499999999999e-05,-0.60405,532.1030404567719,150.1,150.01,0.001,15.0
155.53843,-0.07285749999999999,-61.034472514342326,0.15553843,-7.285749999999999e-05,-0.65505,538.9525456428528,150.12,149.99,0.001,15.0
155.53853,-0.07278799999999999,-56.11157261457938,0.15553853,-7.2788e-05,-0.6056,545.8110568523407,150.1,150.01,0.001,15.0
155.538125,-0.07273450000000001,-51.314666699090424,0.155538125,-7.27345e-05,-0.5546,552.566596031189,150.1,150.01,0.001,15.0
155.53813,-0.07263800000000001,-46.599157851336464,0.15553813,-7.2638e-05,-0.5049,559.2846276760101,150.11,149.97,0.001,15.0
155.53893499999998,-0.07275599999999999,-41.92868749539299,0.155538935,-7.275599999999999e-05,-0.45489999999999997,565.9841423034668,150.1,149.99,0.001,15.0
155.53939499999998,-0.0726915,-37.27513539594998,0.155539395,-7.269150000000001e-05,-0.40405,572.6491932868958,150.12,150.02,0.001,15.0
155.53909,-0.0726485,-32.618619658311886,0.15553909,-7.264850000000001e-05,-0.354,579.3148832321167,150.13,149.98,0.001,15.0
155.53959499999996,-0.07261649999999999,-27.947496728397667,0.15553959499999997,-7.261649999999999e-05,-0.30305,585.9860475063324,150.11,149.97,0.001,15.0
155.540355,-0.0724715,-23.258361392740753,0.15554035500000002,-7.24715e-05,-0.25305,592.671594619751,150.11,150.01,0.001,15.0
155.54056,-0.072584,-18.556046778489065,0.15554056,-7.2584e-05,-0.2016,599.3831326961517,150.1,150.01,0.001,15.0
155.540255,-0.072568,-17.615007636575633,0.15554025500000002,-7.2568e-05,-0.19155,603.8193280696869,150.11,150.01,0.001,15.0
155.54026,-0.07259449999999999,-16.674081935315986,0.15554025999999999,-7.25945e-05,-0.1809,608.2455379962921,150.11,150.0,0.001,15.0
155.540255,-0.072584,-15.733426971832158,0.15554025500000002,-7.2584e-05,-0.17165,612.685216665268,150.11,150.01,0.001,15.0
155.54031,-0.0726805,-14.793213224591168,0.15554031000000001,-7.26805e-05,-0.1604,617.120920419693,150.12,149.98,0.001,15.0
155.54076500000002,-0.072584,-13.853624353405008,0.15554076500000003,-7.2584e-05,-0.15075,621.5671100616455,150.1,150.01,0.001,15.0
155.540355,-0.07262199999999999,-12.914857199430665,0.15554035500000002,-7.2622e-05,-0.1402,626.0123264789581,150.11,149.99,0.001,15.0
155.540615,-0.07267,-11.977121785170102,0.155540615,-7.267e-05,-0.13035,630.4575414657593,150.13,150.0,0.001,15.0
155.541015,-0.072686,-11.040641314470264,0.155541015,-7.2686e-05,-0.1203,634.8792631626129,150.12,149.99,0.001,15.0
155.54041,-0.07284199999999999,-10.105652172523085,0.15554041000000002,-7.284199999999999e-05,-0.10995,639.3389403820038,150.12,150.01,0.001,15.0
155.54076500000002,-0.0725305,-9.17240392586548,0.15554076500000003,-7.253049999999999e-05,-0.09955,643.7629852294922,150.1,150.01,0.001,15.0
155.540765,-0.072595,-8.241159322379342,0.155540765,-7.2595e-05,-0.08985,648.1978569030762,150.1,150.02,0.001,15.0
155.54117,-0.0726805,-7.312194291291557,0.15554117,-7.26805e-05,-0.07975,652.6440587043762,150.1,149.98,0.001,15.0
155.54066500000002,-0.072686,-6.385797943173984,0.15554066500000002,-7.2686e-05,-0.06939999999999999,657.0602724552155,150.13,150.02,0.001,15.0
155.541115,-0.0726325,-5.462272569943473,0.155541115,-7.26325e-05,-0.0595,661.4705009460449,150.1,150.0,0.001,15.0
155.541725,-0.07284199999999999,-4.541933644861854,0.15554172500000002,-7.284199999999999e-05,-0.0493,665.9201743602753,150.13,150.0,0.001,15.0
155.542135,-0.072643,-3.625109822535939,0.155542135,-7.2643e-05,-0.0395,670.3588707447052,150.09,150.0,0.001,15.0
155.5433,-0.07284149999999999,-2.7121429389175247,0.1555433,-7.28415e-05,-0.02905,674.7845742702484,150.11,150.0,0.001,15.0
155.54477,-0.0729865,-1.803388011303391,0.15554477,-7.29865e-05,-0.01965,679.1987838745117,150.12,150.01,0.001,15.0
155.546085,-0.073234,-0.8992132383353009,0.155546085,-7.3234e-05,-0.0095,683.6255090236664,150.12,149.96,0.001,15.0
155.54745499999999,-0.07337350000000001,-0.44896207619309175,0.155547455,-7.337350000000001e-05,-0.00505,687.7952053546906,150.11,150.0,0.001,15.0
155.54720500000002,-0.07340050000000001,-0.39501759062550346,0.15554720500000002,-7.34005e-05,-0.0043,691.7309465408325,150.11,150.01,0.001,15.0
155.547965,-0.07329299999999998,-0.34109175223188015,0.155547965,-7.329299999999999e-05,-0.0032,695.6401844024658,150.12,150.0,0.001,15.0
155.547405,-0.073293,-0.28718464649371495,0.155547405,-7.3293e-05,-0.0031,699.5414571762085,150.12,150.0,0.001,15.0
155.54725499999998,-0.073223,-0.23329635906333102,0.155547255,-7.3223e-05,-0.00225,703.4572546482086,150.11,149.99,0.001,15.0
155.54796,-0.0732015,-0.17942697576388178,0.15554795999999999,-7.32015e-05,-0.0018,707.3659882545471,150.12,150.0,0.001,15.0
155.54842000000002,-0.0731105,-0.12557658258935098,0.15554842000000002,-7.311049999999999e-05,-0.00105,711.2847285270691,150.1,150.0,0.001,15.0
155.54832,-0.07275599999999999,-0.07174526570455253,0.15554832,-7.275599999999999e-05,-0.0005499999999999999,715.2009575366974,150.11,150.01,0.001,15.0
155.548065,-0.07253549999999999,-0.01793311144513059,0.155548065,-7.253549999999999e-05,0.00039999999999999996,719.1201388835907,150.11,150.02,0.001,15.0
155.54685,-0.07238000000000001,0.035868361681283045,0.15554685000000001,-7.238000000000001e-05,0.0001,726.2951588630676,150.11,149.99,0.001,15.0
155.54527499999998,-0.073089,0.08968691308589159,0.15554527499999998,-7.3089e-05,0.00065,730.2248735427856,150.11,150.01,0.001,15.0
155.54218,-0.07382499999999999,0.14352459831834743,0.15554218,-7.382499999999999e-05,0.00135,734.1426062583923,150.12,150.01,0.001,15.0
155.53994999999998,-0.0751405,0.19738133109994987,0.15553994999999998,-7.51405e-05,0.00215,738.0508625507355,150.1,149.98,0.001,15.0
155.53123,-0.07733799999999999,0.25125702532282834,0.15553123,-7.7338e-05,0.00275,741.9591012001038,150.1,150.01,0.001,15.0
155.51419500000003,-0.080598,0.3051515950499426,0.15551419500000002,-8.0598e-05,0.0031999999999999997,745.8663530349731,150.1,149.98,0.001,15.0
155.53615,-0.077515,0.3590649545150826,0.15553614999999998,-7.7515e-05,0.00375,749.76109623909,150.1,150.01,0.001,15.0
155.5395,-0.07549,0.41299701812286843,0.1555395,-7.549e-05,0.00455,753.6693301200867,150.12,149.98,0.001,15.0
155.543655,-0.074695,0.46694770044875067,0.155543655,-7.4695e-05,0.0052499999999999995,757.5885643959045,150.1,150.02,0.001,15.0
155.54400499999997,-0.074292,0.5209169162390097,0.15554400499999999,-7.4292e-05,0.0056,761.493335723877,150.12,149.98,0.001,15.0
155.546695,-0.0739165,0.5749045804107568,0.155546695,-7.39165e-05,0.006999999999999999,765.4108235836029,150.11,149.99,0.001,15.0
155.54619,-0.073798,0.6289106080519327,0.15554619,-7.3798e-05,0.007,769.2994320392609,150.1,150.01,0.001,15.0
155.54685,-0.073642,0.6829349144213088,0.15554685000000001,-7.3642e-05,0.00835,773.2186663150787,150.11,150.02,0.001,15.0
155.547,-0.073551,0.7369774149484867,0.155547,-7.3551e-05,0.00865,777.134191274643,150.11,150.0,0.001,15.0
155.546895,-0.07328799999999999,0.7910380252338984,0.15554689500000002,-7.3288e-05,0.008799999999999999,781.0539066791534,150.11,150.0,0.001,15.0
155.5467,-0.073261,0.8451166610488057,0.15554669999999998,-7.3261e-05,0.009149999999999998,784.9836201667786,150.09,150.01,0.001,15.0
155.54557999999997,-0.0733255,0.8992132383353009,0.15554558,-7.33255e-05,0.01,788.8888642787933,150.11,149.99,0.001,15.0
155.54528,-0.073207,0.9533276732063064,0.15554528,-7.320699999999999e-05,0.010450000000000001,792.8045907020569,150.12,150.02,0.001,15.0
155.54548,-0.07323400000000001,1.0074598819455751,0.15554548,-7.323400000000001e-05,0.01065,796.7083585262299,150.1,150.0,0.001,15.0
155.54522500000002,-0.073046,1.06160978100769,0.155545225,-7.3046e-05,0.0114,800.622111082077,150.12,150.01,0.001,15.0
155.54548,-0.07317449999999999,1.1157772870180638,0.15554548,-7.31745e-05,0.011949999999999999,804.5508422851562,150.11,150.03,0.001,15.0
155.54548,-0.07297050000000001,1.1699623167729405,0.15554548,-7.297050000000001e-05,0.012750000000000001,808.4660842418671,150.13,149.98,0.001,15.0
155.545885,-0.0729865,1.2241647872393935,0.155545885,-7.29865e-05,0.01315,812.3848121166229,150.12,149.98,0.001,15.0
155.54542500000002,-0.0729865,1.2783846155553267,0.15554542500000001,-7.29865e-05,0.0146,816.3040399551392,150.11,150.02,0.001,15.0
155.54522500000002,-0.07309449999999999,1.3326217190294742,0.155545225,-7.30945e-05,0.015600000000000001,820.2137560844421,150.11,150.01,0.001,15.0
155.54517499999997,-0.072783,1.3868760151414004,0.15554517499999998,-7.2783e-05,0.01475,824.1298727989197,150.12,150.01,0.001,15.0
155.545125,-0.073008,1.4411474215414997,0.155545125,-7.3008e-05,0.01625,828.046249628067,150.11,149.99,0.001,15.0
155.544975,-0.072863,1.4954358560509973,0.155544975,-7.2863e-05,0.0172,831.9619929790497,150.12,150.0,0.001,15.0
155.54487500000002,-0.072702,1.5497412366619472,0.15554487500000003,-7.270200000000001e-05,0.01795,835.8777225017548,150.1,150.0,0.001,15.0
155.54487,-0.072815,1.6040634815372359,0.15554487,-7.2815e-05,0.01815,839.8069598674774,150.11,150.0,0.001,15.0
155.54527499999998,-0.07273450000000001,1.658402509010578,0.15554527499999998,-7.27345e-05,0.01795,843.7066757678986,150.11,149.99,0.001,15.0
155.54517499999997,-0.072734,1.7127582375865202,0.15554517499999998,-7.2734e-05,0.01905,847.6363911628723,150.09,149.99,0.001,15.0
155.54446500000003,-0.07265350000000001,1.7671305859404376,0.15554446500000002,-7.26535e-05,0.02005,851.5401527881622,150.12,149.99,0.001,15.0
155.54467,-0.072831,1.8215194729185362,0.15554467,-7.283100000000001e-05,0.019749999999999997,855.4569089412689,150.11,150.01,0.001,15.0
155.54405999999997,-0.07264849999999999,1.8759248175378536,0.15554405999999998,-7.26485e-05,0.0205,859.3966221809387,150.09,149.99,0.001,15.0
155.543855,-0.0725895,1.930346538986255,0.155543855,-7.25895e-05,0.0217,863.3133492469788,150.1,150.0,0.001,15.0
155.543855,-0.072643,1.9847845566224387,0.155543855,-7.2643e-05,0.0218,867.2430646419525,150.12,149.99,0.001,15.0
155.54421499999998,-0.072686,2.0392387899759306,0.15554421499999999,-7.2686e-05,0.02265,871.1492955684662,150.11,150.0,0.001,15.0
155.543755,-0.0725465,2.0937091587470884,0.155543755,-7.25465e-05,0.02325,875.0560281276703,150.11,149.99,0.001,15.0
155.543655,-0.07268100000000001,2.1481955828071,0.155543655,-7.2681e-05,0.0238,878.9657447338104,150.1,149.99,0.001,15.0
155.5434,-0.072616,2.202697982197983,0.1555434,-7.2616e-05,0.024050000000000002,882.8594942092896,150.13,150.01,0.001,15.0
155.5434,-0.07249249999999999,2.257216277132586,0.1555434,-7.249249999999999e-05,0.02465,886.7825725078583,150.11,150.02,0.001,15.0
155.54259,-0.0724335,3.1681223837450183,0.15554258999999998,-7.24335e-05,0.0349,891.2118122577667,150.1,150.0,0.001,15.0
155.54188000000002,-0.0722025,4.083061290045219,0.15554188000000002,-7.22025e-05,0.04475,895.6475038528442,150.1,149.97,0.001,15.0
155.54121999999998,-0.0722455,5.0016845694089,0.15554121999999998,-7.22455e-05,0.05455,900.0732231140137,150.11,150.01,0.001,15.0
155.540915,-0.0721005,5.923656976556756,0.155540915,-7.21005e-05,0.06470000000000001,904.4964320659637,150.11,150.02,0.001,15.0
155.54127,-0.072224,6.848656447554464,0.15554127,-7.222399999999999e-05,0.0749,908.9331455230713,150.1,150.01,0.001,15.0
155.540305,-0.072079,7.776374099812687,0.155540305,-7.2079e-05,0.0847,913.3788514137268,150.12,149.99,0.001,15.0
155.540965,-0.072192,8.70651423208707,0.155540965,-7.2192e-05,0.0946,917.8250503540039,150.11,150.0,0.001,15.0
155.540355,-0.07200899999999999,9.63879432447824,0.15554035500000002,-7.2009e-05,0.10475000000000001,922.2737457752228,150.11,150.0,0.001,15.0
155.540715,-0.07205199999999999,10.572945038431808,0.155540715,-7.2052e-05,0.1164,926.7034223079681,150.12,149.99,0.001,15.0
155.539955,-0.0718855,11.508710216738368,0.155539955,-7.18855e-05,0.12505,931.1416139602661,150.11,149.99,0.001,15.0
155.53990000000002,-0.07203600000000002,12.4458468835335,0.1555399,-7.203600000000001e-05,0.1355,935.5778269767761,150.11,150.0,0.001,15.0
155.54050999999998,-0.072004,13.38412524429776,0.15554051,-7.2004e-05,0.14579999999999999,940.0375046730042,150.11,150.0,0.001,15.0
155.54066,-0.07200899999999999,14.323328685856696,0.15554066,-7.2009e-05,0.15665,944.484192609787,150.11,150.0,0.001,15.0
155.540255,-0.0718425,15.263253776380832,0.15554025500000002,-7.18425e-05,0.1658,948.9122631549835,150.11,150.03,0.001,15.0
155.53990000000002,-0.071934,16.203710265385677,0.1555399,-7.1934e-05,0.1765,953.3579580783844,150.11,150.02,0.001,15.0
155.54004999999998,-0.07189100000000001,17.14452108373173,0.15554004999999999,-7.1891e-05,0.18665,957.7946488857269,150.1,150.0,0.001,15.0
155.54000000000002,-0.071977,18.08552234362446,0.15554,-7.1977e-05,0.19755,962.2528381347656,150.1,149.99,0.001,15.0
155.5397,-0.07195549999999999,18.556046778489065,0.1555397,-7.195549999999999e-05,0.20295,966.4285573959351,150.09,150.0,0.001,15.0
155.539445,-0.071762,23.258361392740753,0.155539445,-7.176200000000001e-05,0.2538,973.1370837688446,150.11,149.98,0.001,15.0
155.539395,-0.0717835,27.947496728397667,0.15553939500000002,-7.17835e-05,0.3049,979.8226146697998,150.11,150.01,0.001,15.0
155.53974999999997,-0.071746,32.618619658311886,0.15553974999999998,-7.1746e-05,0.35555000000000003,986.5101420879364,150.1,149.99,0.001,15.0
155.53888999999998,-0.07186949999999999,37.27513539594998,0.15553888999999999,-7.18695e-05,0.40645,993.1751973628998,150.12,149.98,0.001,15.0
155.53933999999998,-0.07166550000000001,41.92868749539299,0.15553934,-7.166550000000001e-05,0.45625,999.8517265319824,150.11,150.0,0.001,15.0
155.53873499999997,-0.07168149999999998,46.599157851336464,0.15553873499999998,-7.168149999999999e-05,0.5065999999999999,1006.5371906757355,150.11,150.0,0.001,15.0
155.538635,-0.0715955,51.314666699090424,0.155538635,-7.15955e-05,0.55745,1013.2298707962036,150.11,150.0,0.001,15.0
155.53884000000002,-0.07139699999999999,56.11157261457938,0.15553884,-7.1397e-05,0.60835,1019.9904203414917,150.13,150.04,0.001,15.0
155.538125,-0.07150449999999998,61.034472514342326,0.155538125,-7.150449999999999e-05,0.6587000000000001,1026.816951751709,150.11,149.99,0.001,15.0
