Rxx (ohm),Rxy (ohm),EM Current (percentage),Vxx (mV),Vxy (mV),Magnetic Field (T),Time stamp,T sample (K),T valve (k),DC current (mA),angle (°)
174.07,-0.08949900000000001,13.38412524429776,0.17407,-8.9499e-05,0.14625,1830.9025528430939,219.67,219.99,0.001,-8.0
174.07,-0.089536,12.914857199430665,0.17407,-8.9536e-05,0.14105,1835.072250843048,219.69,219.97,0.001,-8.0
174.070155,-0.0895575,12.4458468835335,0.174070155,-8.95575e-05,0.13615,1839.2419486045837,219.7,220.0,0.001,-8.0
174.07046,-0.0896755,11.977121785170102,0.17407046,-8.96755e-05,0.13105,1843.3896629810333,219.7,220.04,0.001,-8.0
174.07030500000002,-0.0896005,11.508710216738368,0.174070305,-8.96005e-05,0.1261,1847.5572772026062,219.68,220.0,0.001,-8.0
174.07055999999997,-0.089574,11.040641314470264,0.17407055999999999,-8.9574e-05,0.1209,1851.7249948978424,219.69,220.0,0.001,-8.0
174.07101,-0.0897135,10.572945038431808,0.17407101,-8.971350000000001e-05,0.11599999999999999,1855.8897240161896,219.71,220.03,0.001,-8.0
174.071165,-0.08955199999999999,10.105652172523085,0.174071165,-8.9552e-05,0.11135,1860.0564243793488,219.7,220.05,0.001,-8.0
174.071265,-0.089477,9.63879432447824,0.174071265,-8.9477e-05,0.10615,1864.2141585350037,219.67,220.06,0.001,-8.0
174.07157,-0.08962250000000001,9.17240392586548,0.17407157,-8.962250000000001e-05,0.10125,1868.3823759555817,219.67,219.94,0.001,-8.0
174.07142,-0.089665,8.70651423208707,0.17407142,-8.9665e-05,0.09625,1872.528127193451,219.67,220.04,0.001,-8.0
174.071165,-0.089692,8.241159322379342,0.174071165,-8.9692e-05,0.0911,1876.6813514232635,219.72,219.96,0.001,-8.0
174.071525,-0.08951449999999998,7.776374099812687,0.174071525,-8.951449999999999e-05,0.08635000000000001,1880.837075471878,219.65,219.91,0.001,-8.0
174.07045999999997,-0.0896545,7.312194291291557,0.17407045999999998,-8.96545e-05,0.08105,1884.9962887763977,219.7,219.99,0.001,-8.0
174.07065999999998,-0.089488,6.848656447554464,0.17407066,-8.9488e-05,0.0761,1889.1370432376862,219.67,219.99,0.001,-8.0
174.07075999999998,-0.08958999999999999,6.385797943173984,0.17407076,-8.958999999999999e-05,0.07050000000000001,1893.29176735878,219.67,220.01,0.001,-8.0
174.07071000000002,-0.08966,5.923656976556756,0.17407071000000002,-8.966e-05,0.06575,1897.4489834308624,219.69,220.03,0.001,-8.0
174.07055999999997,-0.08960599999999999,5.462272569943473,0.17407055999999999,-8.9606e-05,0.060899999999999996,1901.6067080497742,219.67,220.03,0.001,-8.0
174.07,-0.08965949999999999,5.0016845694089,0.17407,-8.96595e-05,0.0562,1905.7747747898102,219.69,220.07,0.001,-8.0
174.06969500000002,-0.0894285,4.541933644861854,0.17406969500000002,-8.942849999999999e-05,0.05115,1909.9295723438263,219.69,219.92,0.001,-8.0
174.06954000000002,-0.0894875,4.083061290045219,0.17406954000000002,-8.94875e-05,0.046450000000000005,1914.0823011398315,219.7,220.06,0.001,-8.0
174.069595,-0.08941299999999999,3.625109822535939,0.174069595,-8.941299999999999e-05,0.041800000000000004,1918.226538181305,219.68,220.02,0.001,-8.0
174.0698,-0.08956299999999999,3.1681223837450183,0.1740698,-8.9563e-05,0.035949999999999996,1922.396236896515,219.68,219.98,0.001,-8.0
174.069595,-0.0894555,2.7121429389175247,0.174069595,-8.94555e-05,0.03125,1926.5529680252075,219.67,219.95,0.001,-8.0
174.06995,-0.089423,2.257216277132586,0.17406995,-8.9423e-05,0.0267,1930.6981987953186,219.69,220.07,0.001,-8.0
174.07051,-0.08934850000000001,1.803388011303391,0.17407051,-8.934850000000001e-05,0.02195,1934.8459091186523,219.67,220.04,0.001,-8.0
174.070355,-0.08930550000000001,1.350704578177192,0.174070355,-8.930550000000001e-05,0.01625,1938.9921407699585,219.67,219.98,0.001,-8.0
174.07061000000002,-0.08914949999999999,0.8992132383353009,0.17407061000000001,-8.914949999999999e-05,0.0115,1943.1288588047028,219.7,220.05,0.001,-8.0
174.07106500000003,-0.089171,0.44896207619309175,0.17407106500000002,-8.9171e-05,0.007,1947.2840824127197,219.68,220.04,0.001,-8.0
174.07122,-0.08904200000000001,0.39501759062550346,0.17407122000000003,-8.9042e-05,0.0063999999999999994,1951.2023167610168,219.7,219.98,0.001,-8.0
174.07132,-0.0891175,0.34109175223188015,0.17407132,-8.91175e-05,0.0058,1955.117061138153,219.67,219.97,0.001,-8.0
174.07147,-0.0890315,0.28718464649371495,0.17407147,-8.90315e-05,0.0052,1959.0237929821014,219.67,220.09,0.001,-8.0
174.07177499999997,-0.0891225,0.23329635906333102,0.17407177499999998,-8.91225e-05,0.004399999999999999,1962.943507194519,219.71,220.02,0.001,-8.0
174.07151999999996,-0.089144,0.17942697576388178,0.17407151999999998,-8.9144e-05,0.00395,1966.8594279289246,219.67,220.01,0.001,-8.0
174.07091499999999,-0.089375,0.12557658258935098,0.174070915,-8.9375e-05,0.0033,1970.7639336585999,219.68,220.01,0.001,-8.0
174.070405,-0.089778,0.07174526570455253,0.174070405,-8.9778e-05,0.00265,1974.671172618866,219.67,219.98,0.001,-8.0
174.06914,-0.090616,0.01793311144513059,0.17406914,-9.0616e-05,0.0018,1978.5664093494415,219.68,220.02,0.001,-8.0
174.06710999999999,-0.0916255,-0.035868361681283045,0.17406711,-9.16255e-05,0.0019000000000000002,1985.7658870220184,219.66,220.02,0.001,-8.0
174.06431999999998,-0.09074499999999999,-0.08968691308589159,0.17406432,-9.0745e-05,0.0012,1989.6731448173523,219.72,219.95,0.001,-8.0
174.06153,-0.0895525,-0.14352459831834743,0.17406153000000002,-8.95525e-05,0.0003,1993.5893750190735,219.67,220.02,0.001,-8.0
174.06056999999998,-0.08809099999999999,-0.19738133109994987,0.17406057,-8.8091e-05,-0.00024999999999999995,1997.4861137866974,219.66,220.0,0.001,-8.0
174.03100500000002,-0.0855885,-0.25125702532282834,0.17403100500000002,-8.55885e-05,-0.00035,2001.3913598060608,219.67,219.93,0.001,-8.0
174.056565,-0.08535749999999999,-0.3051515950499426,0.174056565,-8.53575e-05,-0.0014,2005.3091011047363,219.68,220.01,0.001,-8.0
174.06062,-0.086034,-0.3590649545150826,0.17406062,-8.6034e-05,-0.0021999999999999997,2009.2283308506012,219.68,219.99,0.001,-8.0
174.06447,-0.08701149999999999,-0.41299701812286843,0.17406447,-8.701149999999999e-05,-0.0026,2013.1350889205933,219.67,220.03,0.001,-8.0
174.06579,-0.08746799999999999,-0.46694770044875067,0.17406579,-8.7468e-05,-0.0031,2017.0448060035706,219.68,219.94,0.001,-8.0
174.066655,-0.0880105,-0.5209169162390097,0.17406665500000001,-8.80105e-05,-0.003,2020.9610407352448,219.69,220.01,0.001,-8.0
174.068125,-0.08820949999999998,-0.5749045804107568,0.17406812500000002,-8.820949999999999e-05,-0.00455,2024.8757863044739,219.69,220.07,0.001,-8.0
174.06843,-0.08830099999999999,-0.6289106080519327,0.17406843,-8.8301e-05,-0.0046,2028.7802352905273,219.68,219.99,0.001,-8.0
174.06883499999998,-0.08830600000000001,-0.6829349144213088,0.17406883499999998,-8.8306e-05,-0.0057,2032.6780169010162,219.65,220.01,0.001,-8.0
174.06904,-0.0887575,-0.7369774149484867,0.17406904,-8.87575e-05,-0.0062,2036.591270685196,219.66,219.93,0.001,-8.0
174.06924,-0.0886875,-0.7910380252338984,0.17406924000000001,-8.868750000000001e-05,-0.0063,2040.4970273971558,219.66,219.99,0.001,-8.0
174.06838,-0.088779,-0.8451166610488057,0.17406838,-8.8779e-05,-0.00685,2044.4147591590881,219.66,220.01,0.001,-8.0
174.068225,-0.08893999999999999,-0.8992132383353009,0.17406822500000002,-8.894e-05,-0.0075,2048.334475040436,219.66,219.99,0.001,-8.0
174.06771500000002,-0.08908,-0.9533276732063064,0.174067715,-8.908000000000001e-05,-0.00835,2052.274189710617,219.7,220.02,0.001,-8.0
174.06787,-0.089085,-1.0074598819455751,0.17406787,-8.9085e-05,-0.0086,2056.1889338493347,219.68,220.06,0.001,-8.0
174.067925,-0.08904200000000001,-1.06160978100769,0.174067925,-8.9042e-05,-0.0098,2060.0851843357086,219.67,220.02,0.001,-8.0
174.06757,-0.0891115,-1.1157772870180638,0.17406757,-8.91115e-05,-0.009850000000000001,2064.0149013996124,219.69,220.03,0.001,-8.0
174.068325,-0.08914949999999999,-1.1699623167729405,0.174068325,-8.914949999999999e-05,-0.010249999999999999,2067.920632123947,219.66,220.06,0.001,-8.0
174.068275,-0.08911699999999999,-1.2241647872393935,0.174068275,-8.9117e-05,-0.011099999999999999,2071.839859724045,219.64,220.0,0.001,-8.0
174.06852999999998,-0.089225,-1.2783846155553267,0.17406853,-8.9225e-05,-0.01185,2075.7541189193726,219.67,220.0,0.001,-8.0
174.068075,-0.0892515,-1.3326217190294742,0.174068075,-8.92515e-05,-0.0121,2079.6738374233246,219.65,220.01,0.001,-8.0
174.06852999999998,-0.089343,-1.3868760151414004,0.17406853,-8.9343e-05,-0.0129,2083.5935895442963,219.68,219.97,0.001,-8.0
174.06832500000002,-0.089413,-1.4411474215414997,0.17406832500000002,-8.9413e-05,-0.013600000000000001,2087.499993085861,219.67,220.01,0.001,-8.0
174.068025,-0.08938,-1.4954358560509973,0.17406802500000002,-8.938e-05,-0.014,2091.414425611496,219.68,220.01,0.001,-8.0
174.06767,-0.089515,-1.5497412366619472,0.17406767,-8.9515e-05,-0.0146,2095.3188948631287,219.65,220.02,0.001,-8.0
174.06746499999997,-0.08956299999999999,-1.6040634815372359,0.17406746499999998,-8.9563e-05,-0.015099999999999999,2099.22812128067,219.68,219.98,0.001,-8.0
174.06716,-0.0894715,-1.658402509010578,0.17406716,-8.947149999999999e-05,-0.01575,2103.137836933136,219.67,220.1,0.001,-8.0
174.067365,-0.089477,-1.7127582375865202,0.174067365,-8.9477e-05,-0.016300000000000002,2107.042088985443,219.7,220.0,0.001,-8.0
174.067415,-0.089391,-1.7671305859404376,0.174067415,-8.9391e-05,-0.0169,2110.960823059082,219.68,219.98,0.001,-8.0
174.06777,-0.08937499999999998,-1.8215194729185362,0.17406777,-8.937499999999999e-05,-0.0172,2114.870540380478,219.66,219.97,0.001,-8.0
174.06746499999997,-0.08950949999999999,-1.8759248175378536,0.17406746499999998,-8.95095e-05,-0.01815,2118.769779920578,219.66,220.0,0.001,-8.0
174.06695499999998,-0.08960599999999999,-1.930346538986255,0.174066955,-8.9606e-05,-0.0186,2122.6885120868683,219.67,220.01,0.001,-8.0
174.06761500000002,-0.08962200000000001,-1.9847845566224387,0.174067615,-8.9622e-05,-0.0196,2126.6147418022156,219.65,220.03,0.001,-8.0
174.06771999999998,-0.0896325,-2.0392387899759306,0.17406771999999998,-8.96325e-05,-0.0198,2130.5214745998383,219.68,220.05,0.001,-8.0
174.06736,-0.08964899999999999,-2.0937091587470884,0.17406736,-8.9649e-05,-0.020450000000000003,2134.4142236709595,219.68,219.97,0.001,-8.0
174.067315,-0.08958450000000001,-2.1481955828071,0.174067315,-8.958450000000001e-05,-0.02105,2138.321460008621,219.63,219.95,0.001,-8.0
174.06716,-0.0897135,-2.202697982197983,0.17406716,-8.971350000000001e-05,-0.02175,2142.234701156616,219.65,220.03,0.001,-8.0
174.06751500000001,-0.0895255,-2.257216277132586,0.174067515,-8.95255e-05,-0.022350000000000002,2146.140454530716,219.71,220.03,0.001,-8.0
174.06726,-0.089751,-2.7121429389175247,0.17406726,-8.9751e-05,-0.02715,2150.2977368831635,219.66,220.03,0.001,-8.0
174.067365,-0.08982099999999998,-3.1681223837450183,0.174067365,-8.982099999999999e-05,-0.0322,2154.4332666397095,219.66,220.03,0.001,-8.0
174.06721,-0.0898905,-3.625109822535939,0.17406721,-8.98905e-05,-0.0373,2158.579996109009,219.68,220.04,0.001,-8.0
174.06771500000002,-0.08991199999999999,-4.083061290045219,0.174067715,-8.991199999999999e-05,-0.042300000000000004,2162.737710952759,219.67,220.02,0.001,-8.0
174.06721,-0.08981,-4.541933644861854,0.17406721,-8.981000000000001e-05,-0.0468,2166.8679568767548,219.66,219.95,0.001,-8.0
174.06711,-0.08996049999999998,-5.0016845694089,0.17406711000000002,-8.99605e-05,-0.0519,2171.021684885025,219.66,219.98,0.001,-8.0
174.06629499999997,-0.09006800000000001,-5.462272569943473,0.17406629499999998,-9.0068e-05,-0.057,2175.1789004802704,219.66,219.99,0.001,-8.0
174.066755,-0.0899015,-5.923656976556756,0.17406675500000002,-8.99015e-05,-0.0621,2179.3311245441437,219.67,219.99,0.001,-8.0
174.0663,-0.089993,-6.385797943173984,0.1740663,-8.9993e-05,-0.067,2183.4768545627594,219.67,220.06,0.001,-8.0
174.066095,-0.09000349999999999,-6.848656447554464,0.174066095,-9.000349999999999e-05,-0.07235,2187.634576320648,219.66,220.04,0.001,-8.0
174.06634999999997,-0.08983649999999999,-7.312194291291557,0.17406634999999998,-8.983649999999999e-05,-0.0769,2191.792285680771,219.64,219.92,0.001,-8.0
174.065995,-0.090213,-7.776374099812687,0.174065995,-9.0213e-05,-0.0821,2195.9600036144257,219.68,219.96,0.001,-8.0
174.06538500000002,-0.0900785,-8.241159322379342,0.17406538500000002,-9.007850000000001e-05,-0.08715,2200.129696369171,219.67,220.0,0.001,-8.0
174.06543499999998,-0.09016450000000001,-8.70651423208707,0.174065435,-9.016450000000001e-05,-0.09255,2204.2744283676147,219.66,219.98,0.001,-8.0
174.06553499999998,-0.0901005,-9.17240392586548,0.174065535,-9.01005e-05,-0.09765,2208.420648574829,219.69,220.03,0.001,-8.0
174.06497999999996,-0.09004649999999999,-9.63879432447824,0.17406497999999998,-9.004649999999999e-05,-0.1026,2212.5802426338196,219.68,219.98,0.001,-8.0
174.06544000000002,-0.09005149999999999,-10.105652172523085,0.17406544000000002,-9.005149999999999e-05,-0.10725000000000001,2216.7269144058228,219.69,219.96,0.001,-8.0
174.06513499999997,-0.090159,-10.572945038431808,0.17406513499999998,-9.0159e-05,-0.11265,2220.877655506134,219.64,220.02,0.001,-8.0
174.06513499999997,-0.090213,-11.040641314470264,0.17406513499999998,-9.0213e-05,-0.11760000000000001,2225.032884120941,219.64,219.95,0.001,-8.0
174.06503,-0.090111,-11.508710216738368,0.17406503,-9.0111e-05,-0.12265000000000001,2229.1901416778564,219.68,220.07,0.001,-8.0
174.06497999999996,-0.090154,-11.977121785170102,0.17406497999999998,-9.0154e-05,-0.12755,2233.348350763321,219.66,220.02,0.001,-8.0
174.06564000000003,-0.09013749999999998,-12.4458468835335,0.17406564000000002,-9.013749999999999e-05,-0.1332,2237.521580219269,219.65,220.03,0.001,-8.0
174.065485,-0.090336,-12.914857199430665,0.174065485,-9.0336e-05,-0.1377,2241.6748151779175,219.65,220.0,0.001,-8.0
174.06523,-0.0902775,-13.38412524429776,0.17406523000000002,-9.02775e-05,-0.14279999999999998,2245.8335268497467,219.68,219.99,0.001,-8.0
174.06533499999998,-0.090127,-13.853624353405008,0.174065335,-9.0127e-05,-0.14845,2249.9892592430115,219.66,219.93,0.001,-8.0
174.065185,-0.09017,-13.38412524429776,0.174065185,-9.017e-05,-0.1434,2254.155982017517,219.65,220.01,0.001,-8.0
174.06544000000002,-0.09016450000000001,-12.914857199430665,0.17406544000000002,-9.016450000000001e-05,-0.1382,2258.3227128982544,219.65,220.03,0.001,-8.0
174.06554000000003,-0.09016450000000001,-12.4458468835335,0.17406554000000002,-9.016450000000001e-05,-0.13340000000000002,2262.478457927704,219.66,219.97,0.001,-8.0
174.06538500000002,-0.09017,-11.977121785170102,0.17406538500000002,-9.017e-05,-0.12840000000000001,2266.6481490135193,219.67,219.96,0.001,-8.0
174.06513,-0.0902185,-11.508710216738368,0.17406513,-9.021849999999999e-05,-0.12335,2270.8014600276947,219.66,220.0,0.001,-8.0
174.065085,-0.0901865,-11.040641314470264,0.174065085,-9.01865e-05,-0.1185,2274.9666311740875,219.66,220.05,0.001,-8.0
174.06553499999998,-0.0901965,-10.572945038431808,0.174065535,-9.01965e-05,-0.1133,2279.1318576335907,219.66,220.13,0.001,-8.0
174.06522999999999,-0.090052,-10.105652172523085,0.17406523,-9.0052e-05,-0.1086,2283.2895770072937,219.67,219.98,0.001,-8.0
174.06493,-0.090111,-9.63879432447824,0.17406493,-9.0111e-05,-0.10364999999999999,2287.445293188095,219.64,219.95,0.001,-8.0
174.06554000000003,-0.09027199999999999,-9.17240392586548,0.17406554000000002,-9.027199999999999e-05,-0.09855,2291.6005177497864,219.7,219.97,0.001,-8.0
174.06538500000002,-0.0898905,-8.70651423208707,0.17406538500000002,-8.98905e-05,-0.09395,2295.768232345581,219.63,220.03,0.001,-8.0
174.06513,-0.089944,-8.241159322379342,0.17406513,-8.9944e-05,-0.08825,2299.9239716529846,219.68,219.99,0.001,-8.0
174.064675,-0.09004649999999999,-7.776374099812687,0.174064675,-9.004649999999999e-05,-0.08305,2304.070687532425,219.68,220.07,0.001,-8.0
174.06538999999998,-0.08990650000000001,-7.312194291291557,0.17406539,-8.990650000000001e-05,-0.0786,2308.2164092063904,219.67,220.08,0.001,-8.0
174.06559,-0.090052,-6.848656447554464,0.17406559,-9.0052e-05,-0.0738,2312.3861050605774,219.68,220.04,0.001,-8.0
174.06594,-0.09010549999999999,-6.385797943173984,0.17406594,-9.01055e-05,-0.0683,2316.522843837738,219.68,220.07,0.001,-8.0
174.06584,-0.0899445,-5.923656976556756,0.17406584,-8.99445e-05,-0.06375,2320.66907787323,219.68,220.01,0.001,-8.0
174.06517999999997,-0.089928,-5.462272569943473,0.17406517999999999,-8.9928e-05,-0.0588,2324.8257875442505,219.68,220.1,0.001,-8.0
174.065185,-0.08999249999999999,-5.0016845694089,0.174065185,-8.99925e-05,-0.053349999999999995,2328.9580249786377,219.64,220.11,0.001,-8.0
174.06619499999996,-0.08986899999999999,-4.541933644861854,0.17406619499999998,-8.986899999999999e-05,-0.04875,2333.105458021164,219.66,220.03,0.001,-8.0
174.06695499999998,-0.08988550000000001,-4.083061290045219,0.174066955,-8.98855e-05,-0.0435,2337.2638008594513,219.69,220.19,0.001,-8.0
174.067165,-0.089794,-3.625109822535939,0.174067165,-8.9794e-05,-0.0388,2341.4434971809387,219.69,220.06,0.001,-8.0
174.06696,-0.08982099999999998,-3.1681223837450183,0.17406696,-8.982099999999999e-05,-0.03405,2345.597238779068,219.65,220.11,0.001,-8.0
174.06751500000001,-0.089778,-2.7121429389175247,0.174067515,-8.9778e-05,-0.02905,2349.73295378685,219.65,220.12,0.001,-8.0
174.06736,-0.0897885,-2.257216277132586,0.17406736,-8.97885e-05,-0.024,2353.8826537132263,219.66,220.12,0.001,-8.0
174.067975,-0.08958450000000001,-1.803388011303391,0.17406797499999999,-8.958450000000001e-05,-0.0189,2358.030373573303,219.66,220.01,0.001,-8.0
174.06852999999998,-0.08960599999999999,-1.350704578177192,0.17406853,-8.9606e-05,-0.014249999999999999,2362.1636259555817,219.69,220.07,0.001,-8.0
174.06852999999998,-0.08951999999999999,-0.8992132383353009,0.17406853,-8.952e-05,-0.009600000000000001,2366.3228347301483,219.66,220.09,0.001,-8.0
174.06822499999998,-0.089359,-0.44896207619309175,0.174068225,-8.9359e-05,-0.0045000000000000005,2370.446083545685,219.66,220.1,0.001,-8.0
174.069135,-0.08942349999999999,-0.39501759062550346,0.17406913499999999,-8.94235e-05,-0.00365,2374.3398377895355,219.65,220.12,0.001,-8.0
174.06939,-0.0893965,-0.34109175223188015,0.17406939,-8.93965e-05,-0.0034000000000000002,2378.2520945072174,219.65,220.08,0.001,-8.0
174.06959500000002,-0.08948800000000001,-0.28718464649371495,0.17406959500000002,-8.948800000000001e-05,-0.00245,2382.158331155777,219.68,220.09,0.001,-8.0
174.06964499999998,-0.089724,-0.23329635906333102,0.174069645,-8.9724e-05,-0.0022,2386.0713431835175,219.65,220.08,0.001,-8.0
174.07020500000002,-0.0897565,-0.17942697576388178,0.174070205,-8.975650000000001e-05,-0.0017000000000000001,2389.978079557419,219.68,220.01,0.001,-8.0
174.069695,-0.0903905,-0.12557658258935098,0.174069695,-9.03905e-05,-0.0009,2393.882455587387,219.65,220.01,0.001,-8.0
174.068325,-0.09146449999999999,-0.07174526570455253,0.174068325,-9.14645e-05,-0.00035,2397.7921211719513,219.66,220.06,0.001,-8.0
174.06569,-0.0909165,-0.01793311144513059,0.17406569,-9.09165e-05,0.0004,2401.709374189377,219.65,220.01,0.001,-8.0
174.063965,-0.09069100000000001,0.035868361681283045,0.174063965,-9.0691e-05,0.00065,2408.6469089984894,219.67,220.12,0.001,-8.0
174.06162999999998,-0.08921950000000001,0.08968691308589159,0.17406163,-8.921950000000001e-05,0.00105,2412.563138961792,219.66,220.12,0.001,-8.0
174.06067,-0.087506,0.14352459831834743,0.17406067,-8.7506e-05,0.00225,2416.4703781604767,219.67,220.0,0.001,-8.0
173.94095,-0.083982,0.19738133109994987,0.17394094999999998,-8.3982e-05,0.00255,2420.3596324920654,219.67,220.03,0.001,-8.0
174.05540000000002,-0.08535699999999999,0.25125702532282834,0.17405540000000003,-8.535699999999999e-05,0.0030499999999999998,2424.2893466949463,219.68,220.03,0.001,-8.0
174.06057,-0.086066,0.3051515950499426,0.17406057000000003,-8.6066e-05,0.00345,2428.2041034698486,219.68,219.97,0.001,-8.0
174.064625,-0.0870545,0.3590649545150826,0.174064625,-8.70545e-05,0.00435,2432.133332014084,219.67,220.03,0.001,-8.0
174.065385,-0.087377,0.41299701812286843,0.174065385,-8.7377e-05,0.00475,2436.0500848293304,219.65,220.07,0.001,-8.0
174.06933999999998,-0.08773149999999999,0.46694770044875067,0.17406934,-8.77315e-05,0.0053,2439.958827972412,219.69,220.09,0.001,-8.0
174.070205,-0.0879405,0.5209169162390097,0.17407020499999998,-8.794050000000001e-05,0.006,2443.8735675811768,219.66,220.0,0.001,-8.0
174.07050499999997,-0.08789799999999999,0.5749045804107568,0.174070505,-8.789799999999999e-05,0.00655,2447.7903141975403,219.66,219.99,0.001,-8.0
174.0698,-0.08830099999999999,0.6289106080519327,0.1740698,-8.8301e-05,0.007549999999999999,2451.684564590454,219.66,220.08,0.001,-8.0
174.06969500000002,-0.08848349999999999,0.6829349144213088,0.17406969500000002,-8.84835e-05,0.0078,2455.601057767868,219.67,220.05,0.001,-8.0
174.07065999999998,-0.0885425,0.7369774149484867,0.17407066,-8.85425e-05,0.008150000000000001,2459.501804828644,219.68,220.05,0.001,-8.0
174.0701,-0.0884295,0.7910380252338984,0.1740701,-8.84295e-05,0.00895,2463.4195563793182,219.69,220.06,0.001,-8.0
174.07,-0.088634,0.8451166610488057,0.17407,-8.8634e-05,0.009649999999999999,2467.3238134384155,219.68,220.11,0.001,-8.0
174.069845,-0.088612,0.8992132383353009,0.174069845,-8.8612e-05,0.009850000000000001,2471.2500574588776,219.68,220.07,0.001,-8.0
174.069895,-0.0887415,0.9533276732063064,0.174069895,-8.87415e-05,0.0106,2475.153826713562,219.65,220.04,0.001,-8.0
174.070255,-0.08879499999999999,1.0074598819455751,0.174070255,-8.879499999999999e-05,0.01115,2479.0700607299805,219.66,220.06,0.001,-8.0
174.06985,-0.0888755,1.06160978100769,0.17406985,-8.88755e-05,0.01165,2482.9743089675903,219.71,220.05,0.001,-8.0
174.070455,-0.08884299999999999,1.1157772870180638,0.174070455,-8.884299999999999e-05,0.01235,2486.88254737854,219.66,220.05,0.001,-8.0
174.07075999999998,-0.088913,1.1699623167729405,0.17407076,-8.891300000000001e-05,0.013,2490.7982800006866,219.64,219.91,0.001,-8.0
174.07071000000002,-0.0889505,1.2241647872393935,0.17407071000000002,-8.89505e-05,0.01395,2494.707018136978,219.67,220.02,0.001,-8.0
174.070455,-0.088994,1.2783846155553267,0.174070455,-8.899400000000001e-05,0.01375,2498.6207683086395,219.66,220.02,0.001,-8.0
174.06974499999998,-0.089004,1.3326217190294742,0.174069745,-8.9004e-05,0.01495,2502.536013841629,219.66,220.06,0.001,-8.0
174.06939,-0.0889935,1.3868760151414004,0.17406939,-8.89935e-05,0.015099999999999999,2506.4387624263763,219.66,220.04,0.001,-8.0
174.06934,-0.089058,1.4411474215414997,0.17406934000000002,-8.9058e-05,0.01595,2510.343017101288,219.68,219.97,0.001,-8.0
174.069695,-0.0890365,1.4954358560509973,0.174069695,-8.90365e-05,0.01625,2514.246771335602,219.7,219.96,0.001,-8.0
174.06954000000002,-0.089058,1.5497412366619472,0.17406954000000002,-8.9058e-05,0.01725,2518.15479183197,219.69,220.02,0.001,-8.0
174.06903499999999,-0.0892405,1.6040634815372359,0.17406903499999998,-8.92405e-05,0.0175,2522.0580248832703,219.64,219.98,0.001,-8.0
174.06883499999998,-0.08924599999999999,1.658402509010578,0.17406883499999998,-8.924599999999999e-05,0.01845,2525.965761423111,219.68,220.16,0.001,-8.0
174.068885,-0.08924649999999999,1.7127582375865202,0.174068885,-8.92465e-05,0.0184,2529.873991727829,219.67,220.01,0.001,-8.0
174.06929,-0.0891495,1.7671305859404376,0.17406929,-8.91495e-05,0.01935,2533.793710708618,219.64,220.04,0.001,-8.0
174.06929,-0.0893105,1.8215194729185362,0.17406929,-8.93105e-05,0.01975,2537.723422050476,219.66,220.07,0.001,-8.0
174.06959500000002,-0.0892515,1.8759248175378536,0.17406959500000002,-8.92515e-05,0.0208,2541.63166308403,219.7,220.07,0.001,-8.0
174.06959500000002,-0.0891115,1.930346538986255,0.17406959500000002,-8.91115e-05,0.02085,2545.539404630661,219.66,220.0,0.001,-8.0
174.06939,-0.08923,1.9847845566224387,0.17406939,-8.923000000000001e-05,0.02175,2549.456663131714,219.65,220.01,0.001,-8.0
174.06939,-0.08923549999999998,2.0392387899759306,0.17406939,-8.923549999999999e-05,0.02225,2553.3734102249146,219.68,220.09,0.001,-8.0
174.06985,-0.0894125,2.0937091587470884,0.17406985,-8.941250000000001e-05,0.0228,2557.2801518440247,219.66,220.02,0.001,-8.0
174.06974499999998,-0.0892035,2.1481955828071,0.174069745,-8.92035e-05,0.02385,2561.1888875961304,219.68,220.03,0.001,-8.0
174.069595,-0.08927849999999998,2.202697982197983,0.174069595,-8.927849999999999e-05,0.02435,2565.1072018146515,219.66,220.05,0.001,-8.0
174.0701,-0.089273,2.257216277132586,0.1740701,-8.927300000000001e-05,0.0254,2569.023432970047,219.67,220.04,0.001,-8.0
174.06974499999998,-0.08946099999999998,2.7121429389175247,0.174069745,-8.946099999999999e-05,0.0299,2573.1686656475067,219.69,219.95,0.001,-8.0
174.06852999999998,-0.089477,3.1681223837450183,0.17406853,-8.9477e-05,0.0345,2577.3035690784454,219.66,220.05,0.001,-8.0
174.06929,-0.0895525,3.625109822535939,0.17406929,-8.95525e-05,0.03945,2581.4706556797028,219.67,220.0,0.001,-8.0
174.068885,-0.0894775,4.083061290045219,0.174068885,-8.94775e-05,0.044649999999999995,2585.6403510570526,219.66,219.95,0.001,-8.0
174.068885,-0.08948800000000001,4.541933644861854,0.174068885,-8.948800000000001e-05,0.05,2589.7970864772797,219.67,220.0,0.001,-8.0
174.068835,-0.0894505,5.0016845694089,0.174068835,-8.94505e-05,0.054400000000000004,2593.956303358078,219.64,219.96,0.001,-8.0
174.06852999999998,-0.0897295,5.462272569943473,0.17406853,-8.97295e-05,0.05995,2598.125523328781,219.64,220.0,0.001,-8.0
174.06838,-0.089644,5.923656976556756,0.17406838,-8.9644e-05,0.06470000000000001,2602.2787668704987,219.64,220.06,0.001,-8.0
174.06792,-0.08967049999999999,6.385797943173984,0.17406792,-8.96705e-05,0.0697,2606.42400097847,219.65,220.03,0.001,-8.0
174.06767,-0.089638,6.848656447554464,0.17406767,-8.9638e-05,0.0747,2610.573700904846,219.68,219.95,0.001,-8.0
174.06746499999997,-0.0896385,7.312194291291557,0.17406746499999998,-8.963849999999999e-05,0.07985,2614.753396511078,219.68,219.98,0.001,-8.0
174.06731,-0.0896545,7.776374099812687,0.17406731,-8.96545e-05,0.0847,2618.89665555954,219.64,220.0,0.001,-8.0
174.06761500000002,-0.089692,8.241159322379342,0.174067615,-8.9692e-05,0.08990000000000001,2623.041385412216,219.67,220.03,0.001,-8.0
174.06781500000002,-0.08959,8.70651423208707,0.17406781500000001,-8.959e-05,0.0947,2627.2080953121185,219.7,219.99,0.001,-8.0
174.06756499999997,-0.0896115,9.17240392586548,0.17406756499999998,-8.96115e-05,0.1003,2631.3653144836426,219.67,219.99,0.001,-8.0
174.06730999999996,-0.0895525,9.63879432447824,0.17406730999999998,-8.95525e-05,0.10500000000000001,2635.5325362682343,219.67,220.02,0.001,-8.0
174.06751500000001,-0.08950949999999999,10.105652172523085,0.174067515,-8.95095e-05,0.11005000000000001,2639.6886246204376,219.69,219.95,0.001,-8.0
174.06721,-0.08985349999999999,10.572945038431808,0.17406721,-8.985349999999999e-05,0.11545,2643.844715118408,219.72,220.04,0.001,-8.0
174.067005,-0.08978299999999999,11.040641314470264,0.174067005,-8.978299999999999e-05,0.12004999999999999,2647.9994463920593,219.67,220.06,0.001,-8.0
174.06710999999999,-0.08967599999999999,11.508710216738368,0.17406711,-8.9676e-05,0.125,2652.1561875343323,219.7,220.05,0.001,-8.0
174.06660000000002,-0.0897995,11.977121785170102,0.17406660000000002,-8.97995e-05,0.13005,2656.3358829021454,219.66,219.97,0.001,-8.0
174.066045,-0.08950949999999999,12.4458468835335,0.174066045,-8.95095e-05,0.13555,2660.4981248378754,219.68,220.04,0.001,-8.0
174.06624999999997,-0.089735,12.914857199430665,0.17406624999999998,-8.9735e-05,0.14065,2664.6468460559845,219.65,219.98,0.001,-8.0
174.066805,-0.0896385,13.38412524429776,0.174066805,-8.963849999999999e-05,0.1457,2668.810575246811,219.69,219.98,0.001,-8.0
174.066655,-0.08956299999999999,13.853624353405008,0.17406665500000001,-8.9563e-05,0.1507,2672.970285654068,219.65,219.9,0.001,-8.0
