Rxx (ohm),Rxy (ohm),EM Current (percentage),Vxx (mV),Vxy (mV),Magnetic Field (T),Time stamp,T sample (K),T valve (k),DC current (mA),angle (°)
158.22465499999998,-0.06635300000000001,13.38412524429776,0.158224655,-6.6353e-05,0.1472,3627.2576158046722,160.06,159.99,0.001,37.0
158.22349,-0.066434,12.914857199430665,0.15822349,-6.643400000000001e-05,0.14325,3631.415830850601,160.05,159.98,0.001,37.0
158.22440500000002,-0.0665145,12.4458468835335,0.158224405,-6.65145e-05,0.1385,3635.5615603923798,160.05,159.96,0.001,37.0
158.22491,-0.06638,11.977121785170102,0.15822491,-6.638e-05,0.1316,3639.716819524765,160.04,159.99,0.001,37.0
158.22486,-0.06646099999999999,11.508710216738368,0.15822486000000002,-6.6461e-05,0.1263,3643.885029554367,160.05,159.98,0.001,37.0
158.224705,-0.06649800000000002,11.040641314470264,0.158224705,-6.649800000000001e-05,0.12229999999999999,3648.0517485141754,160.05,159.99,0.001,37.0
158.225165,-0.06651399999999999,10.572945038431808,0.158225165,-6.6514e-05,0.11699999999999999,3652.2189638614655,160.05,159.99,0.001,37.0
158.225315,-0.066568,10.105652172523085,0.158225315,-6.6568e-05,0.1111,3656.378178358078,160.07,159.98,0.001,37.0
158.22572499999998,-0.0665195,9.63879432447824,0.15822572499999998,-6.65195e-05,0.10719999999999999,3660.5468924045563,160.04,160.0,0.001,37.0
158.225165,-0.066643,9.17240392586548,0.158225165,-6.664299999999999e-05,0.1011,3664.694606781006,160.05,160.01,0.001,37.0
158.22537,-0.06672349999999999,8.70651423208707,0.15822537,-6.67235e-05,0.09775,3668.8528351783752,160.06,160.0,0.001,37.0
158.22628,-0.066552,8.241159322379342,0.15822628,-6.6552e-05,0.09140000000000001,3673.012057542801,160.06,159.96,0.001,37.0
158.22658,-0.06646049999999999,7.776374099812687,0.15822658,-6.646049999999999e-05,0.08715,3677.16828083992,160.06,160.03,0.001,37.0
158.22698499999998,-0.066552,7.312194291291557,0.158226985,-6.6552e-05,0.08105,3681.316999197006,160.03,160.03,0.001,37.0
158.227495,-0.066665,6.848656447554464,0.158227495,-6.6665e-05,0.07719999999999999,3685.4852106571198,160.05,159.98,0.001,37.0
158.228005,-0.066611,6.385797943173984,0.158228005,-6.6611e-05,0.0716,3689.641440629959,160.05,160.03,0.001,37.0
158.228305,-0.066525,5.923656976556756,0.158228305,-6.6525e-05,0.06745,3693.796672105789,160.05,160.03,0.001,37.0
158.229015,-0.06663200000000001,5.462272569943473,0.158229015,-6.663200000000001e-05,0.0625,3697.9648826122284,160.06,159.99,0.001,37.0
158.22997999999998,-0.0666645,5.0016845694089,0.15822998,-6.66645e-05,0.05815,3702.1001121997833,160.05,160.01,0.001,37.0
158.23008,-0.066643,4.541933644861854,0.15823008,-6.664299999999999e-05,0.05335,3706.248824596405,160.03,160.01,0.001,37.0
158.230135,-0.06664300000000001,4.083061290045219,0.158230135,-6.6643e-05,0.048100000000000004,3710.408522129059,160.06,160.04,0.001,37.0
158.23155,-0.06667000000000001,3.625109822535939,0.15823155,-6.667000000000001e-05,0.042300000000000004,3714.562767982483,160.05,160.02,0.001,37.0
158.23287499999998,-0.06675099999999999,3.1681223837450183,0.158232875,-6.6751e-05,0.03825,3718.7109804153442,160.05,159.96,0.001,37.0
158.23404,-0.066627,2.7121429389175247,0.15823404,-6.662700000000001e-05,0.0332,3722.8557193279266,160.05,159.98,0.001,37.0
158.23647000000003,-0.066906,2.257216277132586,0.15823647000000002,-6.6906e-05,0.0283,3726.99094414711,160.06,160.02,0.001,37.0
158.23931,-0.0669275,1.803388011303391,0.15823931,-6.69275e-05,0.022850000000000002,3731.129175424576,160.06,160.03,0.001,37.0
158.24483999999998,-0.067019,1.350704578177192,0.15824484,-6.7019e-05,0.016800000000000002,3735.269912958145,160.03,160.0,0.001,37.0
158.25483,-0.06752449999999999,0.8992132383353009,0.15825483,-6.75245e-05,0.01225,3739.4176337718964,160.07,159.98,0.001,37.0
158.27612499999998,-0.0692805,0.44896207619309175,0.158276125,-6.92805e-05,0.00685,3743.5523619651794,160.05,159.97,0.001,37.0
158.27937,-0.0698125,0.39501759062550346,0.15827937,-6.98125e-05,0.0062,3747.4681050777435,160.06,159.99,0.001,37.0
158.28266499999998,-0.0704085,0.34109175223188015,0.158282665,-7.04085e-05,0.00585,3751.3873414993286,160.05,159.97,0.001,37.0
158.285455,-0.07110699999999999,0.28718464649371495,0.15828545500000002,-7.1107e-05,0.0072499999999999995,3755.3035764694214,160.05,159.99,0.001,37.0
158.288295,-0.0717945,0.23329635906333102,0.158288295,-7.17945e-05,0.005,3759.2228004932404,160.04,160.0,0.001,37.0
158.291135,-0.07249799999999999,0.17942697576388178,0.158291135,-7.2498e-05,0.005900000000000001,3763.1415314674377,160.03,159.99,0.001,37.0
158.29377,-0.07361499999999999,0.12557658258935098,0.15829377,-7.361499999999999e-05,0.0039000000000000003,3767.0482602119446,160.03,159.98,0.001,37.0
158.29549500000002,-0.074378,0.07174526570455253,0.158295495,-7.4378e-05,0.0049499999999999995,3770.967003583908,160.04,159.99,0.001,37.0
158.29676,-0.0755275,0.01793311144513059,0.15829676,-7.55275e-05,0.00275,3774.8837311267853,160.04,159.99,0.001,37.0
158.29509,-0.07563500000000001,-0.035868361681283045,0.15829509,-7.5635e-05,0.0039,3782.0592522621155,160.04,159.97,0.001,37.0
158.296005,-0.0772245,-0.08968691308589159,0.15829600500000002,-7.72245e-05,0.0016,3785.9609911441803,160.05,159.97,0.001,37.0
158.2956,-0.07882,-0.14352459831834743,0.1582956,-7.882000000000001e-05,0.00265,3789.87872338295,160.06,160.0,0.001,37.0
158.29372,-0.0806575,-0.19738133109994987,0.15829372,-8.065749999999999e-05,0.0018,3793.772983312607,160.04,159.99,0.001,37.0
158.25219,-0.082312,-0.25125702532282834,0.15825219000000001,-8.2312e-05,0.0010999999999999998,3797.7027003765106,160.07,159.99,0.001,37.0
158.192965,-0.0813285,-0.3051515950499426,0.158192965,-8.13285e-05,-0.00015,3801.6214327812195,160.03,159.99,0.001,37.0
158.185765,-0.0747705,-0.3590649545150826,0.158185765,-7.47705e-05,-0.00095,3805.5386624336243,160.04,160.01,0.001,37.0
158.18393999999998,-0.07354000000000001,-0.41299701812286843,0.15818394,-7.354e-05,-0.00065,3809.4559013843536,160.05,159.95,0.001,37.0
158.26923000000002,-0.07242849999999999,-0.46694770044875067,0.15826923,-7.24285e-05,-0.00055,3813.3741295337677,160.05,160.03,0.001,37.0
158.27723999999998,-0.0715795,-0.5209169162390097,0.15827723999999999,-7.157950000000001e-05,-0.0021,3817.292380094528,160.05,160.03,0.001,37.0
158.27510999999998,-0.07081699999999999,-0.5749045804107568,0.15827511,-7.0817e-05,-0.0021,3821.210620880127,160.04,160.03,0.001,37.0
158.27201499999998,-0.0702315,-0.6289106080519327,0.158272015,-7.023150000000001e-05,-0.0032500000000000003,3825.1203372478485,160.06,159.99,0.001,37.0
158.269125,-0.069689,-0.6829349144213088,0.158269125,-6.9689e-05,-0.0029,3829.0265653133392,160.05,160.0,0.001,37.0
158.26624,-0.0692535,-0.7369774149484867,0.15826624,-6.92535e-05,-0.0052,3832.923318862915,160.05,159.99,0.001,37.0
158.264055,-0.0689795,-0.7910380252338984,0.15826405500000001,-6.89795e-05,-0.0051,3836.8420481681824,160.06,160.01,0.001,37.0
158.26167,-0.0689205,-0.8451166610488057,0.15826167000000002,-6.892049999999999e-05,-0.00585,3840.7502760887146,160.05,160.0,0.001,37.0
158.25934,-0.06863050000000001,-0.8992132383353009,0.15825934000000003,-6.86305e-05,-0.005600000000000001,3844.656514644623,160.05,160.02,0.001,37.0
158.25832499999999,-0.06850149999999999,-0.9533276732063064,0.15825832499999998,-6.85015e-05,-0.00675,3848.5762248039246,160.04,159.96,0.001,37.0
158.256655,-0.06845849999999999,-1.0074598819455751,0.158256655,-6.84585e-05,-0.00725,3852.501955270767,160.05,160.01,0.001,37.0
158.25477500000002,-0.06816849999999999,-1.06160978100769,0.15825477500000001,-6.81685e-05,-0.00715,3856.4216771125793,160.04,160.0,0.001,37.0
158.252695,-0.06811999999999999,-1.1157772870180638,0.158252695,-6.811999999999999e-05,-0.00945,3860.3229541778564,160.06,160.0,0.001,37.0
158.251075,-0.068179,-1.1699623167729405,0.158251075,-6.8179e-05,-0.0086,3864.240182876587,160.05,159.98,0.001,37.0
158.24981,-0.06793249999999999,-1.2241647872393935,0.15824981,-6.79325e-05,-0.01055,3868.1564116477966,160.06,159.95,0.001,37.0
158.24829,-0.06790550000000001,-1.2783846155553267,0.15824829,-6.79055e-05,-0.0103,3872.060665369034,160.05,160.01,0.001,37.0
158.24692000000002,-0.067809,-1.3326217190294742,0.15824692,-6.7809e-05,-0.01175,3875.9850783348083,160.04,160.01,0.001,37.0
158.24585000000002,-0.06791100000000001,-1.3868760151414004,0.15824585000000002,-6.791100000000001e-05,-0.0104,3879.8902819156647,160.05,160.0,0.001,37.0
158.24504,-0.067771,-1.4411474215414997,0.15824504,-6.7771e-05,-0.0124,3883.777447462082,160.06,159.97,0.001,37.0
158.24423,-0.06765849999999998,-1.4954358560509973,0.15824422999999999,-6.765849999999999e-05,-0.0132,3887.6646060943604,160.05,160.02,0.001,37.0
158.24357,-0.067739,-1.5497412366619472,0.15824357,-6.7739e-05,-0.0132,3891.5592470169067,160.05,159.96,0.001,37.0
158.243315,-0.0675775,-1.6040634815372359,0.158243315,-6.75775e-05,-0.014,3895.4547641277313,160.04,160.01,0.001,37.0
158.242705,-0.0677015,-1.658402509010578,0.158242705,-6.77015e-05,-0.0149,3899.3591701984406,160.05,160.02,0.001,37.0
158.24169500000002,-0.067508,-1.7127582375865202,0.15824169500000002,-6.7508e-05,-0.0139,3903.2649047374725,160.04,160.0,0.001,37.0
158.24184499999998,-0.067594,-1.7671305859404376,0.158241845,-6.7594e-05,-0.0143,3907.1676626205444,160.03,160.0,0.001,37.0
158.24169500000002,-0.0677065,-1.8215194729185362,0.15824169500000002,-6.77065e-05,-0.0152,3911.077376127243,160.07,160.0,0.001,37.0
158.24108999999999,-0.06756749999999999,-1.8759248175378536,0.15824109,-6.756749999999999e-05,-0.0173,3915.0070884227753,160.05,159.99,0.001,37.0
158.24037499999997,-0.067648,-1.930346538986255,0.158240375,-6.7648e-05,-0.0166,3918.9243190288544,160.03,159.98,0.001,37.0
158.239265,-0.0674975,-1.9847845566224387,0.158239265,-6.74975e-05,-0.0183,3922.8066046237946,160.04,160.04,0.001,37.0
158.238705,-0.067513,-2.0392387899759306,0.158238705,-6.7513e-05,-0.01785,3926.732836008072,160.05,159.99,0.001,37.0
158.238755,-0.0676315,-2.0937091587470884,0.158238755,-6.76315e-05,-0.0195,3930.637087583542,160.05,160.0,0.001,37.0
158.238655,-0.06740049999999999,-2.1481955828071,0.158238655,-6.740049999999999e-05,-0.01875,3934.5533258914948,160.04,159.98,0.001,37.0
158.238045,-0.06752449999999999,-2.202697982197983,0.158238045,-6.75245e-05,-0.01965,3938.4695568084717,160.05,160.02,0.001,37.0
158.23748500000002,-0.067594,-2.257216277132586,0.158237485,-6.7594e-05,-0.0211,3942.3573303222656,160.05,160.03,0.001,37.0
158.235,-0.06751899999999998,-2.7121429389175247,0.15823500000000001,-6.751899999999999e-05,-0.0258,3946.4985675811768,160.05,160.0,0.001,37.0
158.23307499999999,-0.067406,-3.1681223837450183,0.158233075,-6.7406e-05,-0.0306,3950.6542949676514,160.05,159.99,0.001,37.0
158.231755,-0.067406,-3.625109822535939,0.158231755,-6.7406e-05,-0.03545,3954.8115129470825,160.05,159.98,0.001,37.0
158.23044,-0.0675295,-4.083061290045219,0.15823044,-6.75295e-05,-0.0422,3958.9792201519012,160.05,160.01,0.001,37.0
158.229475,-0.067395,-4.541933644861854,0.158229475,-6.7395e-05,-0.04585,3963.138434410095,160.04,159.98,0.001,37.0
158.228155,-0.0674915,-5.0016845694089,0.15822815499999998,-6.74915e-05,-0.0508,3967.3046505451202,160.04,160.01,0.001,37.0
158.22754500000002,-0.06726599999999999,-5.462272569943473,0.15822754500000002,-6.726599999999999e-05,-0.05565,3971.471385717392,160.06,160.03,0.001,37.0
158.22714,-0.06728250000000001,-5.923656976556756,0.15822714,-6.72825e-05,-0.0619,3975.617625951767,160.03,160.0,0.001,37.0
158.22775,-0.067454,-6.385797943173984,0.15822775,-6.7454e-05,-0.06695000000000001,3979.770851612091,160.04,160.02,0.001,37.0
158.22729,-0.0675025,-6.848656447554464,0.15822729000000002,-6.75025e-05,-0.07014999999999999,3983.9185802936554,160.03,160.04,0.001,37.0
158.22683999999998,-0.067277,-7.312194291291557,0.15822683999999998,-6.7277e-05,-0.07605,3988.0657913684845,160.05,159.99,0.001,37.0
158.22648,-0.06742200000000001,-7.776374099812687,0.15822648,-6.7422e-05,-0.0805,3992.207540512085,160.06,159.99,0.001,37.0
158.226225,-0.067438,-8.241159322379342,0.158226225,-6.7438e-05,-0.0872,3996.362269639969,160.05,160.02,0.001,37.0
158.22556999999998,-0.067438,-8.70651423208707,0.15822556999999998,-6.7438e-05,-0.09190000000000001,4000.508021593094,160.06,160.03,0.001,37.0
158.226025,-0.06728250000000001,-9.17240392586548,0.158226025,-6.72825e-05,-0.09670000000000001,4004.697714328766,160.06,160.01,0.001,37.0
158.225775,-0.06733600000000001,-9.63879432447824,0.158225775,-6.733600000000001e-05,-0.10225000000000001,4008.8744266033173,160.04,159.97,0.001,37.0
158.22527,-0.0674595,-10.105652172523085,0.15822527,-6.74595e-05,-0.1065,4013.0441229343414,160.05,159.96,0.001,37.0
158.225265,-0.067411,-10.572945038431808,0.158225265,-6.7411e-05,-0.11019999999999999,4017.2038209438324,160.04,160.03,0.001,37.0
158.225265,-0.06740049999999999,-11.040641314470264,0.158225265,-6.740049999999999e-05,-0.11524999999999999,4021.3510398864746,160.05,159.99,0.001,37.0
158.22495999999998,-0.0674545,-11.508710216738368,0.15822496,-6.74545e-05,-0.12085,4025.530737400055,160.04,160.02,0.001,37.0
158.22460500000003,-0.0673955,-11.977121785170102,0.15822460500000002,-6.73955e-05,-0.12635000000000002,4029.6964581012726,160.05,159.97,0.001,37.0
158.224755,-0.067427,-12.4458468835335,0.158224755,-6.7427e-05,-0.13085,4033.8441910743713,160.05,160.02,0.001,37.0
158.22465499999998,-0.06739,-12.914857199430665,0.158224655,-6.739e-05,-0.1359,4038.01190328598,160.05,159.99,0.001,37.0
158.22439999999997,-0.06735749999999999,-13.38412524429776,0.1582244,-6.73575e-05,-0.14105,4042.1781311035156,160.04,160.0,0.001,37.0
158.22465499999998,-0.067384,-13.853624353405008,0.158224655,-6.7384e-05,-0.14815,4046.34782743454,160.03,160.0,0.001,37.0
158.22471,-0.06740049999999999,-13.38412524429776,0.15822471,-6.740049999999999e-05,-0.1409,4050.507525920868,160.05,160.01,0.001,37.0
158.22430500000002,-0.0673415,-12.914857199430665,0.158224305,-6.73415e-05,-0.1375,4054.6607658863068,160.05,160.0,0.001,37.0
158.22425,-0.06736249999999999,-12.4458468835335,0.15822425,-6.736249999999999e-05,-0.13305,4058.8189935684204,160.03,160.0,0.001,37.0
158.22460500000003,-0.0674325,-11.977121785170102,0.15822460500000002,-6.743250000000001e-05,-0.12815,4062.9862089157104,160.05,159.96,0.001,37.0
158.22471,-0.0673895,-11.508710216738368,0.15822471,-6.738950000000001e-05,-0.12085,4067.1444222927094,160.05,160.01,0.001,37.0
158.225115,-0.067492,-11.040641314470264,0.158225115,-6.7492e-05,-0.11685000000000001,4071.3206350803375,160.05,159.97,0.001,37.0
158.22537,-0.067266,-10.572945038431808,0.15822537,-6.7266e-05,-0.11075,4075.4783511161804,160.05,159.99,0.001,37.0
158.225165,-0.067293,-10.105652172523085,0.158225165,-6.729300000000001e-05,-0.10745,4079.6435923576355,160.04,160.02,0.001,37.0
158.225825,-0.067454,-9.63879432447824,0.158225825,-6.7454e-05,-0.10305,4083.7978241443634,160.03,160.0,0.001,37.0
158.22587,-0.0673685,-9.17240392586548,0.15822587,-6.73685e-05,-0.0959,4087.9775195121765,160.05,159.99,0.001,37.0
158.22628,-0.06728250000000001,-8.70651423208707,0.15822628,-6.72825e-05,-0.09115000000000001,4092.1217470169067,160.07,159.96,0.001,37.0
158.22582000000003,-0.067331,-8.241159322379342,0.15822582000000002,-6.733100000000001e-05,-0.08755,4096.278483390808,160.05,159.98,0.001,37.0
158.225925,-0.06730399999999999,-7.776374099812687,0.158225925,-6.730399999999999e-05,-0.0815,4100.444713354111,160.04,160.0,0.001,37.0
158.22633,-0.067341,-7.312194291291557,0.15822633,-6.7341e-05,-0.07644999999999999,4104.591947078705,160.04,160.01,0.001,37.0
158.22714,-0.0674165,-6.848656447554464,0.15822714,-6.74165e-05,-0.07185,4108.76164317131,160.06,160.01,0.001,37.0
158.227345,-0.067293,-6.385797943173984,0.15822734500000002,-6.729300000000001e-05,-0.06745000000000001,4112.9043827056885,160.05,160.01,0.001,37.0
158.22795,-0.067277,-5.923656976556756,0.15822795,-6.7277e-05,-0.06355,4117.07309627533,160.05,160.0,0.001,37.0
158.22795,-0.06736299999999999,-5.462272569943473,0.15822795,-6.7363e-05,-0.05845,4121.231309890747,160.07,160.01,0.001,37.0
158.22850999999997,-0.06748149999999999,-5.0016845694089,0.15822851,-6.74815e-05,-0.05155,4125.377540588379,160.06,159.97,0.001,37.0
158.228915,-0.0673735,-4.541933644861854,0.158228915,-6.73735e-05,-0.047850000000000004,4129.533751964569,160.01,160.02,0.001,37.0
158.22973000000002,-0.0674705,-4.083061290045219,0.15822973,-6.74705e-05,-0.04135,4133.682967185974,160.05,159.98,0.001,37.0
158.23059,-0.067282,-3.625109822535939,0.15823059,-6.7282e-05,-0.0371,4137.842663526535,160.03,159.99,0.001,37.0
158.232565,-0.0675775,-3.1681223837450183,0.158232565,-6.75775e-05,-0.03205,4141.9898998737335,160.06,160.05,0.001,37.0
158.23414,-0.067406,-2.7121429389175247,0.15823414,-6.7406e-05,-0.029,4146.132131576538,160.04,160.01,0.001,37.0
158.236115,-0.0674865,-2.257216277132586,0.158236115,-6.74865e-05,-0.022600000000000002,4150.266889095306,160.05,159.98,0.001,37.0
158.23941499999998,-0.067637,-1.803388011303391,0.158239415,-6.7637e-05,-0.016550000000000002,4154.422117471695,160.05,159.98,0.001,37.0
158.24524499999998,-0.067642,-1.350704578177192,0.15824524499999998,-6.7642e-05,-0.01285,4158.5798354148865,160.06,159.99,0.001,37.0
158.256295,-0.068174,-0.8992132383353009,0.158256295,-6.8174e-05,-0.007350000000000001,4162.739048242569,160.02,160.01,0.001,37.0
158.278965,-0.070478,-0.44896207619309175,0.158278965,-7.0478e-05,-0.0014,4166.886286735535,160.06,159.98,0.001,37.0
158.282055,-0.070951,-0.39501759062550346,0.158282055,-7.0951e-05,-0.00125,4170.7935156822205,160.05,160.01,0.001,37.0
158.2851,-0.07172999999999999,-0.34109175223188015,0.1582851,-7.172999999999999e-05,-0.00115,4174.7117483615875,160.05,160.01,0.001,37.0
158.28778999999997,-0.07243899999999999,-0.28718464649371495,0.15828778999999998,-7.243899999999999e-05,-0.00105,4178.630979537964,160.04,160.02,0.001,37.0
158.29072499999998,-0.0732285,-0.23329635906333102,0.158290725,-7.32285e-05,-0.00105,4182.560695648193,160.02,159.99,0.001,37.0
158.29270499999998,-0.07408250000000001,-0.17942697576388178,0.15829270499999998,-7.408250000000001e-05,0.00095,4186.468930482864,160.04,159.99,0.001,37.0
158.294885,-0.074915,-0.12557658258935098,0.158294885,-7.4915e-05,0.0012000000000000001,4190.354187250137,160.05,160.02,0.001,37.0
158.296255,-0.076011,-0.07174526570455253,0.158296255,-7.6011e-05,0.00225,4194.271916151047,160.07,159.98,0.001,37.0
158.297675,-0.0769775,-0.01793311144513059,0.158297675,-7.69775e-05,0.0027,4198.191147327423,160.04,159.99,0.001,37.0
158.29742,-0.0773915,0.035868361681283045,0.15829742,-7.73915e-05,0.00225,4205.138660430908,160.04,160.0,0.001,37.0
158.29742,-0.07900299999999999,0.08968691308589159,0.15829742,-7.900299999999999e-05,0.0017000000000000001,4209.054894208908,160.05,160.01,0.001,37.0
158.28905500000002,-0.0812315,0.14352459831834743,0.158289055,-8.12315e-05,0.00395,4212.962623119354,160.04,160.02,0.001,37.0
158.192815,-0.0831655,0.19738133109994987,0.158192815,-8.31655e-05,0.00375,4216.8823437690735,160.05,160.03,0.001,37.0
158.17887,-0.08045799999999999,0.25125702532282834,0.15817887,-8.0458e-05,0.00445,4220.800084590912,160.07,159.92,0.001,37.0
158.193725,-0.07418999999999999,0.3051515950499426,0.158193725,-7.418999999999999e-05,0.005549999999999999,4224.703362464905,160.04,159.98,0.001,37.0
158.233785,-0.0729545,0.3590649545150826,0.15823378500000002,-7.29545e-05,0.006500000000000001,4228.599611997604,160.05,160.03,0.001,37.0
158.28018500000002,-0.07189100000000001,0.41299701812286843,0.15828018500000002,-7.1891e-05,0.006149999999999999,4232.516858816147,160.07,160.03,0.001,37.0
158.277495,-0.07098299999999999,0.46694770044875067,0.158277495,-7.0983e-05,0.0066,4236.422587156296,160.06,159.97,0.001,37.0
158.275365,-0.070183,0.5209169162390097,0.158275365,-7.0183e-05,0.00695,4240.341815233231,160.05,160.0,0.001,37.0
158.27298000000002,-0.0694685,0.5749045804107568,0.15827298,-6.94685e-05,0.007949999999999999,4244.251043081284,160.04,159.98,0.001,37.0
158.271055,-0.06900649999999998,0.6289106080519327,0.158271055,-6.900649999999999e-05,0.0091,4248.170758008957,160.06,160.01,0.001,37.0
158.26816,-0.06877599999999999,0.6829349144213088,0.15826816,-6.8776e-05,0.0098,4252.067024469376,160.02,160.03,0.001,37.0
158.26577999999998,-0.068496,0.7369774149484867,0.15826578,-6.8496e-05,0.0108,4255.973278045654,160.05,159.97,0.001,37.0
158.26294000000001,-0.06819049999999999,0.7910380252338984,0.15826294000000002,-6.819049999999999e-05,0.00955,4259.8915095329285,160.06,160.0,0.001,37.0
158.260355,-0.068061,0.8451166610488057,0.15826035500000002,-6.8061e-05,0.0104,4263.80724811554,160.04,160.02,0.001,37.0
158.25878500000002,-0.0677065,0.8992132383353009,0.158258785,-6.77065e-05,0.0119,4267.7329778671265,160.05,159.97,0.001,37.0
158.25675500000003,-0.06770699999999999,0.9533276732063064,0.15825675500000003,-6.7707e-05,0.012,4271.6372175216675,160.04,160.02,0.001,37.0
158.254525,-0.0677015,1.0074598819455751,0.158254525,-6.77015e-05,0.013000000000000001,4275.543960571289,160.04,159.99,0.001,37.0
158.253305,-0.06753999999999999,1.06160978100769,0.158253305,-6.754e-05,0.01295,4279.4377064704895,160.06,160.01,0.001,37.0
158.251785,-0.067395,1.1157772870180638,0.158251785,-6.7395e-05,0.01395,4283.341956615448,160.05,160.0,0.001,37.0
158.25016,-0.06730399999999999,1.1699623167729405,0.15825016,-6.730399999999999e-05,0.015,4287.260686635971,160.05,160.0,0.001,37.0
158.249655,-0.0671965,1.2241647872393935,0.158249655,-6.71965e-05,0.01525,4291.178915500641,160.04,160.03,0.001,37.0
158.24848999999998,-0.0672555,1.2783846155553267,0.15824849,-6.72555e-05,0.01545,4295.07368850708,160.05,159.99,0.001,37.0
158.24727,-0.06726099999999999,1.3326217190294742,0.15824727,-6.726099999999999e-05,0.01605,4298.999420404434,160.05,160.01,0.001,37.0
158.24626,-0.0672875,1.3868760151414004,0.15824626,-6.72875e-05,0.016550000000000002,4302.908154964447,160.06,159.99,0.001,37.0
158.24463500000002,-0.06699749999999999,1.4411474215414997,0.15824463500000002,-6.699749999999999e-05,0.0167,4306.835890054703,160.06,160.01,0.001,37.0
158.24428,-0.067046,1.4954358560509973,0.15824428000000001,-6.7046e-05,0.0166,4310.733138084412,160.06,159.99,0.001,37.0
158.243315,-0.0670245,1.5497412366619472,0.158243315,-6.702450000000001e-05,0.018250000000000002,4314.669367790222,160.07,160.02,0.001,37.0
158.242355,-0.0670405,1.6040634815372359,0.158242355,-6.70405e-05,0.019,4318.585101366043,160.06,160.01,0.001,37.0
158.24164499999998,-0.0669815,1.658402509010578,0.158241645,-6.69815e-05,0.02,4322.503335952759,160.03,159.95,0.001,37.0
158.24093500000004,-0.06686849999999998,1.7127582375865202,0.15824093500000003,-6.686849999999999e-05,0.02135,4326.406596899033,160.04,159.97,0.001,37.0
158.239715,-0.066971,1.7671305859404376,0.158239715,-6.6971e-05,0.021449999999999997,4330.315831899643,160.05,160.05,0.001,37.0
158.239715,-0.06693349999999999,1.8215194729185362,0.158239715,-6.69335e-05,0.021400000000000002,4334.23456120491,160.06,160.05,0.001,37.0
158.23951499999998,-0.0668475,1.8759248175378536,0.158239515,-6.68475e-05,0.02315,4338.142300367355,160.05,159.97,0.001,37.0
158.238955,-0.0668255,1.930346538986255,0.15823895500000001,-6.682549999999999e-05,0.02215,4342.0450711250305,160.04,160.04,0.001,37.0
158.239005,-0.066831,1.9847845566224387,0.158239005,-6.6831e-05,0.0239,4345.97478556633,160.06,159.97,0.001,37.0
158.23870499999998,-0.06691699999999999,2.0392387899759306,0.15823870499999998,-6.6917e-05,0.024,4349.881028413773,160.06,160.02,0.001,37.0
158.238045,-0.066815,2.0937091587470884,0.158238045,-6.6815e-05,0.02485,4353.797253370285,160.06,160.01,0.001,37.0
158.23764,-0.06684200000000001,2.1481955828071,0.15823764,-6.684200000000001e-05,0.02475,4357.706971645355,160.06,159.98,0.001,37.0
158.23713,-0.06693850000000001,2.202697982197983,0.15823713,-6.693850000000001e-05,0.0257,4361.612223863602,160.04,160.02,0.001,37.0
158.236875,-0.066847,2.257216277132586,0.158236875,-6.6847e-05,0.026000000000000002,4365.5309545993805,160.04,159.98,0.001,37.0
158.233735,-0.06690099999999999,2.7121429389175247,0.158233735,-6.690099999999999e-05,0.03165,4369.674681901932,160.06,160.0,0.001,37.0
158.232315,-0.066783,3.1681223837450183,0.158232315,-6.6783e-05,0.03515,4373.832895040512,160.05,159.99,0.001,37.0
158.23125,-0.06667,3.625109822535939,0.15823125,-6.667e-05,0.0407,4377.975622653961,160.04,160.02,0.001,37.0
158.23073999999997,-0.06670250000000001,4.083061290045219,0.15823073999999998,-6.670250000000001e-05,0.04615,4382.14532327652,160.05,160.02,0.001,37.0
158.230285,-0.0665895,4.541933644861854,0.158230285,-6.65895e-05,0.05,4386.314530849457,160.04,160.0,0.001,37.0
158.22927,-0.0667185,5.0016845694089,0.15822927,-6.67185e-05,0.0557,4390.484226226807,160.05,160.02,0.001,37.0
158.22856,-0.06682049999999999,5.462272569943473,0.15822856,-6.68205e-05,0.0617,4394.643926858902,160.06,160.01,0.001,37.0
158.227805,-0.06673449999999999,5.923656976556756,0.158227805,-6.67345e-05,0.06595,4398.823628664017,160.04,159.98,0.001,37.0
158.227695,-0.0665785,6.385797943173984,0.158227695,-6.65785e-05,0.07125000000000001,4402.97084903717,160.05,160.0,0.001,37.0
158.22724,-0.06661650000000001,6.848656447554464,0.15822724,-6.661650000000001e-05,0.0752,4407.150547504425,160.03,160.03,0.001,37.0
158.22618,-0.06632099999999999,7.312194291291557,0.15822618,-6.632099999999999e-05,0.08115,4411.3197638988495,160.06,159.98,0.001,37.0
158.225925,-0.06668600000000001,7.776374099812687,0.158225925,-6.6686e-05,0.08645,4415.486494541168,160.05,160.02,0.001,37.0
158.22566999999998,-0.066659,8.241159322379342,0.15822566999999998,-6.6659e-05,0.09104999999999999,4419.633209228516,160.04,160.0,0.001,37.0
158.225315,-0.066552,8.70651423208707,0.158225315,-6.6552e-05,0.0949,4423.802905797958,160.05,160.02,0.001,37.0
158.22501,-0.06635850000000001,9.17240392586548,0.15822501,-6.635850000000001e-05,0.10105,4427.972139596939,160.03,160.02,0.001,37.0
158.22511,-0.06642799999999999,9.63879432447824,0.15822511,-6.6428e-05,0.10625000000000001,4432.128857135773,160.04,159.98,0.001,37.0
158.22475999999997,-0.0665625,10.105652172523085,0.15822476,-6.65625e-05,0.11130000000000001,4436.302599430084,160.06,159.97,0.001,37.0
158.22485999999998,-0.06653049999999999,10.572945038431808,0.15822486,-6.65305e-05,0.11725,4440.458792448044,160.05,160.0,0.001,37.0
158.22465499999998,-0.06636349999999999,11.040641314470264,0.158224655,-6.63635e-05,0.12105,4444.62600851059,160.06,159.99,0.001,37.0
158.22450500000002,-0.0665145,11.508710216738368,0.15822450500000002,-6.65145e-05,0.12665,4448.803223371506,160.04,160.0,0.001,37.0
158.22405,-0.06644449999999999,11.977121785170102,0.15822405,-6.64445e-05,0.13219999999999998,4452.961434364319,160.05,160.01,0.001,37.0
158.22455499999998,-0.066337,12.4458468835335,0.158224555,-6.6337e-05,0.1381,4457.139657735825,160.05,160.01,0.001,37.0
158.223745,-0.06639600000000001,12.914857199430665,0.158223745,-6.6396e-05,0.14229999999999998,4461.298378705978,160.04,160.0,0.001,37.0
158.223795,-0.066423,13.38412524429776,0.158223795,-6.6423e-05,0.14755000000000001,4465.464084625244,160.04,160.0,0.001,37.0
158.223795,-0.06629399999999999,13.853624353405008,0.158223795,-6.6294e-05,0.152,4469.625837564468,160.05,160.02,0.001,37.0
